0 0 0 0
1 2.03935 0.0029889 0.0179501
2 4.26605 0.0661553 0.0482858
3 6.42035 0.133895 -0.00580732
4 8.61751 0.11129 0.00055487
5 10.9323 -0.195445 -0.383544
6 13.3908 -1.71591 -0.371265
7 14.5869 -3.19293 -1.03617
8 15.4593 -4.77309 -1.09306
9 16.9886 -6.9035 -1.51502
10 17.0398 -9.16863 -1.57656
11 16.9661 -11.5769 -1.58144
12 17.1331 -13.9722 -1.50979
13 17.2136 -16.5068 -1.56541
14 17.1442 -18.957 -1.63699
15 17.1313 -21.4061 -1.58255
16 17.0794 -23.9818 -1.61817
17 16.8902 -26.4238 -1.68875
18 16.5433 -28.8356 -1.74336
19 16.1623 -31.263 -1.79507
20 15.8415 -33.8525 -1.95022
21 14.8017 -36.228 -5.43482
22 16.6596 -34.567 -6.61904
23 18.9751 -35.4431 -6.69791
24 21.3963 -36.3651 -6.58977
25 23.739 -37.1622 -6.62445
26 26.0302 -38.0525 -6.65626
27 27.009 -39.9545 -1.76739
28 26.0962 -42.231 -1.94707
29 25.1166 -44.6333 -1.96128
30 24.1956 -46.7815 -1.93826
31 24.5147 -48.9473 -6.76164
32 26.936 -49.8428 -6.57244
33 29.1123 -50.9425 -6.81435
34 31.5005 -51.8691 -6.34673
35 33.9483 -52.6566 -6.63376
36 36.4241 -53.1774 -5.97299
37 37.8619 -51.3168 -4.81747
38 38.1803 -48.7565 -5.02856
39 38.9964 -46.3034 -5.04306
40 39.7631 -43.9713 -5.04332
41 40.6364 -41.5454 -5.05775
42 41.4585 -39.2358 -5.078
43 42.3599 -36.8185 -5.04174
44 43.2465 -34.3822 -5.0538
45 42.3206 -32.5919 -3.50543
46 39.9067 -31.6835 -3.46272
47 37.4663 -30.8285 -3.48281
48 35.1668 -29.9694 -3.5101
49 32.7589 -29.0274 -3.49215
50 30.7589 -29.45 -2.30196
51 30.0289 -31.5675 -1.80562
52 29.3609 -33.8901 -1.88529
53 28.5664 -36.0239 -1.96146
54 27.5866 -37.7939 -3.43361
55 27.6821 -38.8788 -7.63138
56 27.0944 -40.7275 -1.99533
57 26.094 -42.7253 -2.06894
58 25.0733 -44.718 -2.05327
59 24.235 -46.7772 -1.93488
60 23.3343 -48.9384 -1.91762
61 22.4624 -50.9472 -2.18364
62 21.039 -52.1182 -2.80287
63 19.2893 -53.0034 -2.59201
64 17.9028 -54.2827 -2.32428
65 16.3322 -55.8883 -2.33724
66 14.9041 -57.5988 -2.2636
67 13.3953 -59.319 -2.29281
68 12.0894 -60.6847 -2.39652
69 10.3487 -60.5601 -3.84825
70 8.71015 -59.0684 -3.90617
71 7.03133 -57.4245 -3.88455
72 5.48775 -55.9247 -3.93584
73 4.02035 -54.4804 -3.87794
74 2.26142 -54.0697 -2.35379
75 1.09342 -55.8712 -2.03468
76 0.00221888 -57.9456 -2.06423
77 -1.09728 -59.935 -2.03799
78 -2.10929 -61.9754 -2.0224
79 -3.20072 -64.1093 -2.05854
80 -4.37767 -66.2126 -2.09743
81 -5.56904 -68.1563 -2.13726
82 -6.83025 -70.193 -2.12057
83 -8.06107 -72.1129 -2.15768
84 -9.57388 -74.1218 -2.36276
85 -11.0321 -76.0119 -2.10688
86 -12.2107 -77.9797 -2.53053
87 -14.1879 -79.3148 -2.59288
88 -16.3742 -80.563 -2.63671
89 -18.5492 -81.5919 -2.73318
90 -20.7433 -82.5584 -2.61902
91 -22.8361 -83.7249 -2.634
92 -24.8895 -84.7172 -2.7126
93 -27.1106 -85.6308 -2.73451
94 -29.1774 -86.5717 -2.6129
95 -31.2731 -87.7576 -2.6172
96 -33.3745 -88.7623 -2.45687
97 -35.3449 -90.3349 -2.46897
98 -36.2199 -92.1681 -7.17726
99 -34.7087 -94.028 -7.14744
100 -33.123 -95.8415 -7.12927
101 -31.5074 -97.6216 -7.09272
102 -29.9793 -99.3171 -7.11062
103 -28.4662 -101.168 -7.19633
104 -26.9664 -103.055 -7.13946
105 -24.8934 -103.499 -5.79162
106 -22.7972 -102.113 -5.62047
107 -21.0835 -100.435 -5.45242
108 -19.3533 -98.6044 -5.45187
109 -17.6701 -96.8957 -5.51461
110 -15.9374 -95.351 -5.54183
111 -14.1818 -93.7687 -5.51948
112 -12.3583 -92.028 -5.49198
113 -10.684 -90.3041 -5.46119
114 -9.10568 -88.6689 -5.49438
115 -7.41538 -86.9576 -5.4625
116 -5.68655 -85.2832 -5.50635
117 -3.9726 -83.6124 -5.4898
118 -2.2871 -81.8894 -5.45473
119 -0.371557 -80.2521 -5.56685
120 1.41618 -78.6483 -5.48843
121 3.06543 -76.9014 -5.43121
122 4.59209 -75.2082 -5.42472
123 6.24281 -73.4695 -5.46291
124 7.83722 -71.8394 -5.48681
125 9.4927 -70.1006 -5.44611
126 11.0808 -68.2888 -5.41116
127 12.6912 -66.6768 -5.49939
128 14.1383 -64.9476 -4.86873
129 12.6681 -63.217 -3.79732
130 10.8867 -61.6069 -3.91943
131 9.23887 -59.8568 -3.98754
132 7.70706 -58.1628 -3.96731
133 6.24852 -56.572 -3.87227
134 4.33134 -54.9334 -3.7898
135 2.15646 -54.2694 -2.54734
136 0.536854 -56.0363 -2.23611
137 -1.09245 -58.0171 -2.27577
138 -2.81663 -59.9419 -2.32509
139 -4.62366 -61.7737 -2.37364
140 -6.40612 -63.6435 -2.34859
141 -8.12707 -65.3838 -2.35046
142 -9.91383 -67.241 -2.35308
143 -11.6547 -68.9672 -2.36456
144 -13.431 -70.6493 -2.39754
145 -15.2259 -72.4973 -2.3615
146 -17.0987 -74.2686 -2.39831
147 -18.9179 -75.9041 -2.38993
148 -20.8245 -77.6391 -2.41688
149 -22.6454 -79.4475 -2.2867
150 -24.4989 -81.2532 -2.38828
151 -26.4396 -82.9553 -2.44465
152 -28.3382 -84.4897 -2.47475
153 -30.3738 -86.0723 -2.45567
154 -32.2064 -87.7538 -2.41928
155 -34.1434 -89.3991 -2.44946
156 -36.1614 -90.9915 -2.49704
157 -38.133 -92.4439 -2.50341
158 -40.1158 -93.8686 -2.522
159 -42.2387 -95.3368 -2.53953
160 -44.3033 -96.8696 -2.45112
161 -46.2128 -98.3983 -2.4665
162 -48.2469 -99.9848 -2.4793
163 -50.3012 -101.53 -2.50062
164 -52.3866 -103.056 -2.50002
165 -54.4761 -104.567 -2.51597
166 -56.4628 -105.969 -2.533
167 -58.5673 -107.454 -2.50368
168 -60.5477 -108.88 -2.51164
169 -62.6517 -110.366 -2.52789
170 -64.7637 -111.822 -2.53465
171 -66.7001 -113.299 -2.29877
172 -68.3853 -115.239 -2.31231
173 -70.1795 -116.958 -2.3693
174 -72.0208 -118.699 -2.37416
175 -73.862 -120.308 -2.51374
176 -75.7012 -122.103 -2.33178
177 -77.4019 -123.853 -2.33114
178 -79.2129 -125.689 -2.34511
179 -79.3639 -127.805 -0.705294
180 -77.3849 -129.447 -6.9434
181 -75.487 -131.174 -0.803331
182 -73.7645 -132.917 -0.761783
183 -71.8643 -134.658 -6.93712
184 -70.0902 -136.52 -0.834273
185 -68.2904 -138.124 -6.42184
186 -66.4374 -136.446 -5.4517
187 -64.7647 -134.66 -5.47652
188 -63.0264 -132.914 -5.50428
189 -60.9657 -131.385 -5.75435
190 -59.0732 -129.832 -5.56048
191 -57.2874 -128.176 -5.52948
192 -55.3743 -126.44 -5.55624
193 -53.5221 -124.851 -5.5824
194 -51.5221 -123.228 -5.61336
195 -49.4795 -121.659 -5.63968
196 -47.4198 -120.11 -5.65015
197 -45.4128 -118.501 -5.60514
198 -43.4946 -117.021 -5.64397
199 -41.5245 -115.628 -5.68048
200 -39.5289 -114.292 -5.63898
201 -37.4901 -112.807 -5.66539
202 -35.5024 -111.466 -5.71139
203 -33.5725 -110.24 -5.71443
204 -31.5886 -108.881 -5.69468
205 -29.566 -107.591 -5.73526
206 -27.5078 -106.35 -5.59657
207 -26.5621 -104.261 -4.51599
208 -27.8387 -102.299 -3.88354
209 -29.2614 -100.477 -4.13673
210 -30.5048 -98.4657 -4.13865
211 -31.7379 -96.4085 -4.20859
212 -32.4544 -95.014 -4.25419
213 -33.1363 -93.5745 -4.19637
214 -34.0851 -92.1009 -4.05167
215 -35.7878 -91.8378 -2.76141
216 -38.0594 -92.9632 -2.52734
217 -40.1713 -94.4221 -2.485
218 -42.1049 -95.9072 -2.44506
219 -44.0455 -97.599 -2.28605
220 -46.1303 -98.8167 -2.60071
221 -48.3567 -100.105 -2.58186
222 -50.5217 -101.49 -2.48643
223 -52.4594 -102.979 -2.46999
224 -54.4797 -104.57 -2.51558
225 -56.5927 -106.083 -2.44682
226 -58.5937 -107.709 -2.41265
227 -60.4437 -109.35 -2.36092
228 -62.701 -110.487 -3.06472
229 -65.0337 -109.579 -3.81893
230 -66.6649 -108.195 -3.86994
231 -68.1735 -106.882 -4.1078
232 -69.1443 -105.315 -4.18756
233 -70.1191 -103.692 -4.15575
234 -71.0996 -102.072 -4.11966
235 -72.1645 -100.406 -4.16039
236 -73.114 -98.6681 -4.20134
237 -72.8198 -96.7696 -5.22051
238 -72.9552 -94.8962 -4.42443
239 -73.4968 -92.8505 -4.46085
240 -73.884 -90.8862 -4.51968
241 -74.4396 -87.6306 -4.14148
242 -75.8001 -85.4529 -4.16871
243 -77.0501 -83.3479 -4.15677
244 -78.3659 -81.1462 -4.17498
245 -79.6259 -78.8914 -4.2196
246 -80.7375 -76.7203 -4.25428
247 -81.7826 -74.5183 -4.54602
248 -80.0387 -72.7851 -5.70393
249 -78.7452 -71.0461 -4.06355
250 -80.1326 -68.889 -4.28845
251 -81.6541 -67.2111 -2.64521
252 -83.0854 -68.6432 -3.9361
253 -81.6624 -66.8397 -5.64878
254 -79.5031 -65.3931 -5.6744
255 -77.3236 -64.0149 -5.73187
256 -75.1176 -62.6884 -5.68985
257 -73.075 -61.3342 -5.70278
258 -70.8995 -59.912 -5.45208
259 -69.0739 -58.0748 -5.46786
260 -67.3191 -56.3637 -5.51857
261 -65.4356 -54.6148 -5.30615
262 -63.9258 -52.6882 -5.37949
263 -62.2519 -50.7254 -5.40754
264 -60.5434 -48.78 -5.39869
265 -58.7569 -47.1169 -5.56721
266 -56.9016 -45.5182 -5.52823
267 -55.1143 -43.6759 -5.44665
268 -53.3417 -41.8092 -5.48794
269 -51.4759 -40.0271 -5.54004
270 -49.6664 -38.1991 -5.49631
271 -47.9783 -36.4274 -5.4672
272 -46.3745 -34.7504 -5.4115
273 -44.6686 -32.8212 -5.44285
274 -42.9898 -31.0374 -5.4779
275 -41.2699 -29.1259 -5.44737
276 -39.5895 -27.3529 -5.48882
277 -37.7589 -25.5495 -5.51579
278 -35.8912 -23.7666 -5.57083
279 -34.148 -22.0494 -5.49061
280 -32.3064 -20.2607 -5.52197
281 -30.5008 -18.6132 -5.55475
282 -28.9751 -17.3837 -5.38396
283 -27.8166 -15.8478 -5.45403
284 -26.6072 -14.5871 -5.43574
285 -25.5515 -13.3608 -5.37888
286 -24.3011 -11.841 -5.46809
287 -22.6336 -10.3617 -5.55279
288 -20.8985 -8.7984 -5.47163
289 -19.3368 -7.18849 -5.4851
290 -17.774 -5.60222 -5.44574
291 -16.1766 -3.89048 -5.41703
292 -14.9231 -2.50393 -5.46568
293 -13.7018 -1.34857 0.68743
294 -12.2375 -1.50805 -0.739818
295 -10.8006 -2.92719 -0.816167
296 -9.43429 -4.4655 -0.874303
297 -8.12848 -6.06202 -0.837339
298 -6.7166 -7.569 -0.690783
299 -4.97466 -8.66653 -0.499284
300 -3.07475 -8.90442 0.103548
301 -1.13964 -8.37013 -5.42687
302 0.0192344 -6.67375 -5.50744
303 1.65335 -5.42141 0.608611
304 3.59254 -4.10105 0.603331
305 5.43582 -2.8466 0.602486
306 7.37949 -1.53792 0.587586
307 9.23559 -0.714875 -0.466534
308 10.6165 -2.2134 -1.06849
309 11.3852 -3.66605 -1.10255
310 12.0859 -5.1699 -1.18417
311 12.9135 -6.87098 -1.05963
312 13.882 -8.49173 -1.00412
313 14.9697 -10.2979 -0.979369
314 16.1256 -12.1261 -1.0372
315 17.1269 -13.9218 -1.08001
316 18.1273 -15.7234 -1.04831
317 19.1359 -17.5181 -1.03633
318 20.1418 -19.3206 -1.08178
319 21.0706 -21.1573 -1.11689
320 22.0581 -23.2405 -1.11569
321 23.0271 -25.3627 -1.15145
322 23.9382 -27.4093 -1.16942
323 24.8022 -29.4588 -1.18389
324 25.7682 -31.4706 -1.04255
325 26.8096 -33.3596 -1.08062
326 27.5663 -34.8372 -1.10538
327 28.4273 -36.6235 -1.0928
328 29.3176 -38.2955 -1.09126
329 30.1497 -39.9918 -1.13368
330 30.9545 -41.8039 -1.16851
331 31.7168 -43.5269 -1.11007
332 31.2392 -44.9257 -2.67185
333 29.4986 -45.6488 -3.04519
334 27.482 -45.7479 -3.077
335 25.3919 -45.7597 -3.13578
336 23.4772 -46.2449 -7.97482
337 23.298 -48.3004 -8.09226
338 22.6085 -50.6832 -5.74799
339 24.1363 -49.8301 -5.81028
340 25.1943 -50.6536 -7.87447
341 26.0017 -50.4888 -4.33266
342 25.4027 -48.9175 -3.61455
343 23.7058 -49.0291 -3.11012
344 21.9878 -48.9314 -3.20148
345 21.2975 -47.7307 -5.03901
346 21.2174 -46.0201 -4.62172
347 21.1242 -44.2222 -4.6938
348 21.1075 -42.4098 -4.69796
349 21.1802 -40.6103 -4.88912
350 21.425 -38.9046 -4.77794
351 21.592 -37.1025 -1.34488
352 22.1733 -38.6735 -0.418966
353 23.9698 -38.6492 0.113704
354 25.6591 -38.3171 0.237308
355 27.4324 -37.9499 0.161789
356 29.124 -37.6242 0.286628
357 30.7652 -37.1102 0.365983
358 32.4755 -36.5323 0.248137
359 34.1363 -36.098 0.286152
360 35.8686 -35.5747 0.327731
361 37.6119 -35.1097 0.26721
362 39.2717 -34.6528 0.296662
363 40.9112 -34.1427 0.341595
364 42.4464 -33.3192 -4.83723
365 41.8759 -31.7122 -4.37588
366 41.3975 -30.0677 -4.45345
367 40.9755 -28.4005 -4.46439
368 40.5712 -26.7338 -4.47821
369 40.1271 -24.9883 -4.38947
370 39.597 -23.3582 -4.38911
371 39.0229 -21.6532 -4.34232
372 37.5157 -21.5676 -2.86394
373 35.8467 -21.9893 -2.90086
374 34.1001 -22.4195 -2.92027
375 32.4283 -22.8171 -2.89147
376 30.6869 -23.261 -2.76002
377 29.0041 -23.8921 -2.95803
378 28.1896 -22.4958 -4.37907
379 27.6522 -20.7815 -4.23651
380 26.9973 -19.1708 -4.37507
381 26.44 -17.4904 -4.39865
382 25.957 -15.8344 -4.43469
383 25.5231 -14.1823 -4.47217
384 25.13 -12.4256 -4.5001
385 24.7076 -10.469 -4.4797
386 24.248 -8.46137 -4.47007
387 23.8063 -6.45146 -4.50914
388 23.4107 -4.3262 -4.47701
389 22.8051 -2.36024 -4.41422
390 22.263 -0.377754 -4.4526
391 21.7135 1.92048 -4.38425
392 20.7259 4.26289 -3.86275
393 18.848 5.99849 -3.51978
394 16.5107 6.5657 -3.30814
395 15.0618 7.16932 -3.00894
396 14.6754 5.94566 -1.04498
397 15.9386 5.8579 1.08029
398 15.2409 6.94102 -2.90741
399 13.7088 6.53315 -3.24133
400 12.0661 7.05046 -3.62555
401 10.2693 7.802 -3.40847
402 8.29799 8.409 -3.46556
403 6.31196 8.91253 -3.36821
404 4.6844 9.15769 -3.37258
405 3.04056 9.58108 -3.41052
406 1.84142 9.08902 -1.88114
407 1.32214 7.54404 -1.90177
408 0.767937 6.0123 -1.92711
409 0.123854 4.38072 -1.94445
410 -0.430559 2.39471 -1.81546
411 -0.89072 0.383291 -1.76572
412 -1.36467 -1.83493 -1.79253
413 -1.77216 -3.86895 -1.75868
414 -2.63903 -5.54399 -2.47865
415 -4.51521 -6.11663 -3.32934
416 -6.52001 -5.64919 -3.49931
417 -8.5366 -4.85306 -3.56283
418 -10.3913 -3.94212 -3.60948
419 -12.3689 -3.05347 -3.46703
420 -14.2765 -2.28204 -3.57201
421 -16.2563 -1.40449 -3.58576
422 -18.0319 -0.365405 -3.59197
423 -19.8616 0.589482 -3.65962
424 -21.6021 1.6915 -3.82978
425 -22.5176 3.52752 -4.32693
426 -23.2655 5.64579 1.84765
427 -23.3359 8.01893 1.02088
428 -21.834 9.78342 0.81886
429 -20.4732 11.6959 1.12912
430 -19.3736 13.8331 1.07022
431 -18.0897 16.0094 1.01177
432 -17.6041 17.8915 -4.32914
433 -19.0492 19.064 -3.84216
434 -20.2842 19.908 -3.5157
435 -22.1954 20.9471 -3.70085
436 -24.3399 22.369 -3.72055
437 -26.4993 23.7726 -3.74204
438 -28.5453 25.1183 -3.66052
439 -30.6412 26.3655 -3.64916
440 -32.8597 27.6791 -3.6953
441 -34.9092 29.0108 -3.69858
442 -37.0684 30.4201 -3.73562
443 -39.2667 31.7511 -3.64422
444 -41.1058 32.9721 -3.96641
445 -42.3368 33.9163 -3.7048
446 -43.929 34.9714 -3.73467
447 -45.9774 36.4375 -3.77292
448 -47.9257 37.9296 -3.81685
449 -49.9394 39.531 -3.80595
450 -51.936 41.1464 -3.82924
451 -53.8889 42.833 -3.88908
452 -55.9209 44.4015 -3.72222
453 -58.0423 45.8402 -3.74977
454 -60.1484 47.3415 -3.76579
455 -62.1078 48.7966 -3.79037
456 -64.1383 50.3813 -3.80646
457 -66.1353 52.0014 -3.80341
458 -68.1342 53.6 -3.82979
459 -69.4433 54.7044 -3.84317
460 -70.8031 55.8035 -3.68153
461 -72.3908 56.7794 -3.6867
462 -74.2754 58.1747 -3.80202
463 -76.1844 59.7045 -3.81784
464 -78.3218 59.6467 -2.38678
465 -80.2372 57.9363 -2.71487
466 -82.3398 59.0156 -3.74616
467 -84.4577 60.4771 -3.80154
468 -86.2668 62.0974 -3.86148
469 -87.661 63.3822 -3.87259
470 -88.8646 64.8238 1.87994
471 -89.4884 67.0842 -4.20544
472 -90.9406 68.9052 -3.88103
473 -92.6216 70.3736 -3.67106
474 -94.5506 69.8454 -2.28031
475 -96.0449 68.0629 -2.25022
476 -97.6122 66.0624 -2.19397
477 -99.4195 64.2502 -2.35895
478 -101.273 62.46 -2.34246
479 -102.955 60.6856 -2.29738
480 -104.646 58.7383 -2.25043
481 -106.26 56.7405 -2.28449
482 -107.85 54.8845 -2.29783
483 -109.552 52.9457 -2.26062
484 -111.195 51.1396 -2.31421
485 -112.912 49.2128 -2.26676
486 -114.634 47.307 -2.38675
487 -116.382 45.5971 -2.30573
488 -118.012 43.78 -2.27336
489 -119.444 41.6628 -1.89167
490 -119.704 39.1284 -1.39716
491 -119.136 36.7457 -1.3954
492 -118.837 34.1981 -1.44515
493 -118.194 31.7344 -0.902621
494 -116.931 30.492 -0.326403
495 -115.841 29.3537 -2.13091
496 -117.097 30.2857 -3.78911
497 -115.795 29.4792 -0.53867
498 -113.923 27.7353 -0.834688
499 -112.235 25.9705 -0.765119
500 -110.449 24.2921 -0.716045
501 -108.443 22.6821 -0.624293
502 -106.332 21.2067 -0.567059
503 -104.257 19.9231 -0.517731
504 -102.3 18.8062 -0.683187
505 -100.519 17.3079 -0.667146
506 -98.5886 15.8098 -0.627628
507 -96.4895 14.3221 -0.5755
508 -94.488 12.6974 -0.672007
509 -92.5564 11.1942 -0.631985
510 -90.4681 9.68513 -0.598603
511 -88.5832 8.15509 -0.806017
512 -86.8089 6.28313 -0.793044
513 -84.9149 4.52511 -0.720062
514 -83.0646 2.94117 -0.641693
515 -80.7187 1.89457 -0.344216
516 -78.4806 0.923393 -0.50996
517 -76.4739 -0.548373 -0.672127
518 -74.4859 -2.13249 -0.661497
519 -72.4426 -3.68467 -0.6174
520 -70.4498 -5.10954 -0.605552
521 -68.5118 -6.44717 -0.591243
522 -66.3678 -7.85703 -0.563963
523 -64.2191 -9.27376 -0.645405
524 -62.3249 -10.8245 -0.668845
525 -60.2933 -12.401 -0.63532
526 -58.2144 -13.9177 -0.604069
527 -56.1915 -15.2994 -0.576225
528 -54.0496 -16.7299 -0.624257
529 -52.1115 -18.2165 -0.640921
530 -50.1502 -19.7053 -0.644524
531 -48.1869 -21.1581 -0.61326
532 -46.0725 -22.6411 -0.581666
533 -44.0397 -23.9898 -0.575358
534 -42.0212 -25.4248 -0.812775
535 -41.4439 -27.7535 -1.96156
536 -42.7277 -29.9744 -2.12321
537 -44.0795 -32.0104 -2.19884
538 -45.6809 -34.0133 -2.26638
539 -47.4864 -35.7015 -2.54806
540 -47.4701 -37.4442 0.258929
541 -46.5283 -35.7658 1.0505
542 -45.2536 -33.5253 1.07422
543 -43.7698 -31.5932 0.809885
544 -41.9468 -29.7794 0.981125
545 -40.5874 -27.5917 1.04757
546 -39.2604 -25.5392 0.723205
547 -37.1424 -24.1805 1.02254
548 -35.9291 -22.0242 1.58097
549 -36.7783 -22.4306 -1.32954
550 -37.4331 -24.6639 -1.94684
551 -38.4616 -27.0248 -2.00078
552 -39.5516 -29.211 -2.05845
553 -40.638 -31.54 -2.00231
554 -41.6236 -33.9113 -1.78085
555 -42.2785 -36.3904 -1.90374
556 -42.7169 -38.5326 -1.76262
557 -43.5181 -40.9678 -1.94455
558 -44.5267 -43.337 -2.00007
559 -45.6708 -45.6416 -2.06269
560 -46.7301 -47.8399 -1.91723
561 -47.6207 -50.2434 -2.02135
562 -48.5778 -52.3809 -2.61713
563 -50.8132 -53.6207 -2.73021
564 -53.1945 -54.6047 -2.7707
565 -55.4933 -55.4358 -2.8151
566 -57.9441 -56.2159 -2.84917
567 -60.2805 -56.9291 -2.85395
568 -62.6685 -57.6138 -2.872
569 -65.0917 -58.3351 -2.75639
570 -67.4887 -59.2674 -2.78417
571 -69.9337 -60.071 -2.8287
572 -72.2364 -60.7866 -2.56262
573 -74.3604 -62.2453 -2.67075
574 -76.6638 -63.3677 -2.69074
575 -78.9974 -64.4335 -2.68874
576 -81.1814 -65.4692 -2.50209
577 -80.7021 -67.6377 -0.912693
578 -79.1578 -69.7059 -1.1056
579 -79.5454 -72.0079 -2.17385
580 -81.474 -73.6912 -2.3666
581 -80.932 -75.9213 -1.0506
582 -79.4143 -78.0022 -0.958102
583 -78.2191 -79.6666 -0.923293
584 -77.8016 -81.1058 -2.66606
585 -78.6707 -79.8814 1.77823
586 -79.4811 -78.2345 2.22757
587 -80.964 -76.1337 2.14945
588 -81.9136 -73.9155 1.14712
589 -80.2161 -72.0504 0.774715
590 -79.589 -69.9029 1.80233
591 -80.3718 -67.6934 1.98126
592 -81.9008 -67.0582 -3.05435
593 -83.6733 -67.6592 -2.68001
594 -85.5173 -68.5435 -2.68806
595 -87.8458 -69.6328 -2.70984
596 -89.9958 -70.8396 -2.68336
597 -92.3134 -71.9557 -2.70741
598 -94.6618 -73.0201 -2.72347
599 -96.9108 -73.9925 -2.73983
600 -99.2796 -74.9783 -2.75448
601 -101.555 -75.8948 -2.72252
602 -103.736 -76.9845 -2.80625
603 -106.264 -77.4834 -2.97485
604 -108.787 -77.9733 -2.8985
605 -111.219 -78.5683 -3.22962
606 -113.789 -78.5164 -3.0312
607 -116.345 -78.7849 -3.03074
608 -118.919 -78.9999 -3.07324
609 -121.481 -79.0971 -3.23894
610 -123.927 -78.8315 -3.24324
611 -126.48 -78.5546 -3.24347
612 -128.949 -78.2611 -3.23881
613 -131.553 -77.983 -3.00784
614 -134.109 -78.32 -3.00289
615 -136.54 -78.641 -2.97152
616 -139.039 -79.1892 -2.80576
617 -141.486 -79.8494 -3.36455
618 -142.126 -78.0232 0.840767
619 -142.091 -75.7705 1.74189
620 -142.441 -73.3587 1.77436
621 -143.491 -71.0159 2.03691
622 -144.385 -68.6013 1.87106
623 -145.03 -66.2453 1.81793
624 -145.571 -63.7407 1.76536
625 -145.979 -61.1907 1.70763
626 -146.383 -58.7808 1.78641
627 -146.851 -56.2571 1.73357
628 -147.209 -53.7012 1.76551
629 -147.899 -51.225 1.86516
630 -148.542 -48.8663 1.82653
631 -149.118 -46.372 1.77964
632 -149.588 -43.8319 1.73836
633 -149.931 -41.4175 1.6995
634 -150.502 -38.9128 1.90319
635 -151.271 -36.595 1.89056
636 -152.023 -34.1307 1.85945
637 -152.709 -31.6554 1.83403
638 -153.321 -29.1485 1.80187
639 -153.844 -26.632 1.77005
640 -154.294 -24.0971 1.73384
641 -154.767 -21.708 1.82791
642 -155.38 -19.2023 1.80709
643 -155.938 -16.6942 1.78109
644 -156.429 -14.1736 1.78683
645 -157.077 -11.8181 1.85031
646 -157.751 -9.33409 1.83296
647 -158.377 -6.8314 1.81874
648 -158.963 -4.32433 1.79501
649 -159.631 -1.9809 1.92629
650 -160.483 0.44505 1.91064
651 -160.965 2.93269 1.60772
652 -161.025 5.53039 1.63908
653 -161.378 7.94636 1.74185
654 -161.871 10.3382 1.80873
655 -162.458 12.8365 1.79619
656 -163.019 15.3625 1.7866
657 -164.031 16.7126 -3.74416
658 -165.524 17.7244 -3.66634
659 -167.229 18.7525 -3.71072
660 -169.44 20.0773 -3.59021
661 -171.853 20.8504 -3.14852
662 -174.397 20.4826 -2.97913
663 -176.832 20.0438 -2.92868
664 -179.097 19.5117 -2.87716
665 -181.568 18.8144 -2.8217
666 -183.949 18.2669 -2.89884
667 -186.443 17.6092 -2.86698
668 -188.843 17.2723 -3.13492
669 -191.167 17.0527 -2.99861
670 -193.213 16.7749 -2.95137
671 -195.22 16.3387 -2.81712
672 -197.27 15.6661 -2.89639
673 -199.054 15.1857 -2.85107
674 -201.172 14.6823 -3.03548
675 -203.634 14.4103 -3.00804
676 -206.056 14.0803 -2.99466
677 -208.597 13.6862 -2.96745
678 -211.131 13.2515 -2.95647
679 -212.796 12.6602 -2.26901
680 -213.231 10.9027 -1.36792
681 -212.682 8.43037 -1.31484
682 -211.658 6.24101 -1.26647
683 -211.017 4.16797 -1.2385
684 -210.49 2.62315 -1.33599
685 -210.581 0.0947776 -1.3309
686 -209.862 -2.36573 -1.24587
687 -209.07 -4.6825 -1.21222
688 -208.184 -7.09807 -1.24397
689 -207.362 -9.39291 -1.18662
690 -206.65 -11.8675 -1.32415
691 -206.024 -14.231 -1.28317
692 -205.415 -16.7235 -1.47775
693 -205.171 -19.1544 -1.42498
694 -204.668 -21.6792 -1.34438
695 -204.329 -24.2204 -1.43995
696 -203.623 -26.5499 -1.13742
697 -202.589 -28.7566 -1.1097
698 -202.403 -31.0682 -1.62354
699 -202.062 -32.7437 -1.3133
700 -201.926 -34.4084 -1.1684
701 -200.86 -35.6947 -0.691386
702 -199.481 -36.2931 -0.189113
703 -198.137 -37.4061 -1.19255
704 -199.302 -39.1982 -2.15154
705 -200.102 -41.5557 -1.4655
706 -199.673 -43.9482 -1.3543
707 -199.094 -46.3224 -1.29683
708 -198.389 -48.7966 -1.33004
709 -198.004 -51.2492 -1.40068
710 -197.559 -53.7452 -1.38853
711 -197.326 -56.3024 -1.39037
712 -196.979 -58.8355 -1.58775
713 -196.704 -61.2575 -1.37612
714 -196.236 -63.7836 -1.386
715 -195.696 -66.3073 -1.21297
716 -194.782 -68.7023 -1.17572
717 -193.844 -70.9614 -1.23354
718 -193.135 -73.4329 -1.27309
719 -192.726 -75.9702 -1.46633
720 -192.48 -78.3961 -1.44974
721 -191.975 -80.9119 -1.2064
722 -191.607 -83.3111 -1.43976
723 -190.848 -85.4643 -1.20357
724 -190.356 -87.2719 -1.36184
725 -189.862 -89.3827 -0.995328
726 -188.197 -89.8318 0.185799
727 -185.832 -89.3757 0.222274
728 -183.448 -88.8629 0.160608
729 -180.918 -88.4286 0.207634
730 -178.392 -87.8857 0.160834
731 -175.844 -87.5742 0.0689596
732 -173.274 -87.6223 0.0196535
733 -170.83 -87.5356 0.0852177
734 -168.276 -87.2713 0.160848
735 -165.736 -86.8216 0.223588
736 -163.36 -86.2437 0.284485
737 -160.89 -85.5347 0.249322
738 -158.533 -84.9027 0.303912
739 -156.036 -84.2842 0.220266
740 -153.528 -83.6951 0.273944
741 -151.177 -83.0439 0.315599
742 -148.626 -82.7016 0.14164
743 -146.088 -82.2933 0.207396
744 -143.608 -81.6591 0.582542
745 -141.745 -79.9126 1.05528
746 -141.642 -77.9953 2.02256
747 -142.729 -78.1739 -1.10289
748 -141.506 -79.2718 -1.21466
749 -140.542 -80.5678 -0.107809
750 -138.693 -80.1607 0.282719
751 -136.451 -79.209 0.52549
752 -134.245 -77.8905 0.580748
753 -132.047 -76.5651 0.333377
754 -129.72 -75.8268 0.334164
755 -127.276 -75.0429 0.251945
756 -124.787 -74.3875 0.272763
757 -122.586 -73.6121 -0.46869
758 -120.398 -74.6812 -0.43386
759 -118.176 -75.6791 -0.403484
760 -115.793 -76.668 -0.356974
761 -113.461 -77.7366 -0.51593
762 -111.405 -79.0487 -0.555045
763 -109.217 -80.4015 -0.537735
764 -107.091 -81.6776 -0.527728
765 -104.898 -82.9557 -0.503485
766 -102.765 -84.1325 -0.486802
767 -100.517 -85.3804 -0.476677
768 -98.6145 -86.6496 0.980249
769 -97.1902 -84.5113 1.01362
770 -95.8429 -82.3201 1.03982
771 -94.6549 -80.2873 1.0509
772 -93.3604 -78.0733 0.993847
773 -91.9512 -75.9165 0.999026
774 -90.5586 -73.7533 0.999521
775 -89.2294 -71.7049 0.988321
776 -87.833 -69.6293 0.466582
777 -85.6544 -68.5195 0.489303
778 -83.3767 -67.3073 0.507461
779 -81.1267 -66.0628 0.515444
780 -78.9231 -65.0054 0.442494
781 -76.5906 -63.9358 0.438816
782 -74.3404 -62.8731 0.462224
783 -72.0302 -61.8303 0.38789
784 -69.6465 -60.8528 0.397048
785 -67.399 -59.9021 0.415338
786 -65.1573 -58.923 0.419577
787 -62.8088 -57.8704 0.435172
788 -60.4715 -56.795 0.443921
789 -58.1389 -55.6997 0.447278
790 -55.8204 -54.5843 0.462899
791 -53.5544 -53.6712 0.368266
792 -51.1482 -52.763 0.366098
793 -48.7378 -51.8623 0.360034
794 -46.4436 -51.0083 0.365155
795 -44.0364 -50.1048 0.368616
796 -41.743 -49.2531 0.360703
797 -39.3228 -48.3624 0.358608
798 -36.9132 -47.4657 0.404862
799 -34.7054 -46.4167 0.404281
800 -32.3293 -45.4301 0.40106
801 -30.0651 -44.5282 0.340854
802 -27.6286 -43.6742 0.346997
803 -25.6291 -42.964 0.341219
804 -23.785 -42.3134 0.342266
805 -21.3492 -41.4727 0.337431
806 -18.9954 -40.6633 0.33803
807 -16.6003 -39.8392 0.334594
