0 18.7381 2.74428e-07 98.2287
1 18.7959 2.88391 98.2859
2 18.634 5.8474 97.8924
3 18.6077 8.95029 97.8834
4 18.6352 11.7891 97.8568
5 18.4453 14.8274 97.8011
6 18.3054 17.7335 97.6763
7 18.4909 20.8236 97.6281
8 18.77 23.7633 97.4627
9 18.9124 26.6942 97.4528
10 19.2697 29.8086 97.5151
11 19.2682 32.8427 97.5665
12 19.5817 36.2025 97.6296
13 19.5933 39.0683 97.67
14 19.9699 42.073 97.9335
15 -15.6447 45.9112 -31.2526
16 -27.8932 44.4862 -84.5151
17 -39.9739 47.9961 -119.088
18 -49.8597 52.0911 -143.71
19 -53.2525 53.6178 -159.642
20 -62.2035 56.6033 -183.82
21 -71.06 59.8768 -205.341
22 -80.923 63.6678 -228.071
23 -90.182 65.0916 -258.334
24 -102.122 70.1068 -290.958
25 -118.19 72.8304 -341.866
26 -136.805 75.4207 -401.966
27 -158.589 76.211 -471.38
28 -186.102 76.311 -561.81
29 -227.92 68.6417 -686.261
30 -289.064 -6.28924 -758.742
31 -292.705 -48.328 -699.079
32 -268.592 -59.4682 -609.034
33 -223.122 -57.7234 -478.746
34 -163.222 -67.8702 -288.445
35 -49.2427 -57.9879 22.0089
36 19.9185 -50.36 210.342
37 41.1894 -46.0735 267.772
38 52.2691 -42.8349 292.354
39 67.2738 -39.9608 283.757
40 80.9178 -36.4913 274.737
41 87.5856 -33.2136 259.056
42 103.686 -30.2403 244.142
43 106.767 -26.5541 221.893
44 115.739 -22.358 202.912
45 110.368 -18.7214 184.491
46 102.475 -15.006 156.644
47 90.4881 -11.6246 140.627
48 77.2563 -7.99802 129.969
49 52.5604 -4.54748 109.884
50 24.8396 -0.255644 96.6449
51 24.6216 2.89487 96.6844
52 24.6873 5.89012 96.7082
53 24.8731 8.83981 96.5821
54 24.8466 11.899 96.5531
55 25.0085 14.6625 96.4611
56 25.0549 17.6989 96.3292
57 25.031 20.6692 96.063
58 24.9606 23.8331 96.02
59 25.149 26.8808 95.7906
60 25.3123 29.7792 95.9439
61 25.4201 32.9859 96.0365
62 25.7985 36.3044 96.1145
63 26.0313 39.5833 96.4095
64 26.0887 43.0104 96.242
65 8.61618 46.7092 33.5576
66 -3.47009 49.7233 -8.26649
67 -14.5875 52.7464 -43.4995
68 -23.1728 56.3003 -66.4619
69 -28.6903 59.4112 -84.0362
70 -39.0216 63.303 -107.697
71 -45.9247 66.4499 -127.553
72 -56.6673 69.3961 -159.502
73 -67.5203 71.5925 -195.604
74 -84.1262 72.8809 -251.406
75 -109.824 74.0418 -335.124
76 -136.629 77.1562 -422.933
77 -168.274 74.4036 -524.548
78 -215.68 71.2093 -676.647
79 -286.998 -11.2841 -769.227
80 -299.443 -66.1998 -714.034
81 -276.264 -82.8877 -617.701
82 -228.231 -75.0057 -490.308
83 -174.787 -71.1388 -338.287
84 -105.235 -64.3024 -147.824
85 -37.017 -57.8263 37.5517
86 -4.80798 -52.8373 124.751
87 8.71638 -48.666 160.46
88 8.79775 -44.9878 159.683
89 -0.328897 -41.547 158.931
90 -14.7756 -37.9951 152.808
91 -22.8153 -34.3403 160.158
92 -35.9131 -30.8313 163.949
93 -46.9041 -27.8163 178.179
94 -59.2411 -25.1227 196.264
95 -66.2977 -21.7878 212.463
96 -66.2115 -18.1201 222.889
97 -65.4098 -14.6691 238.761
98 -61.6565 -11.1154 253.895
99 -62.0348 -7.55795 267.377
100 -47.9791 -4.03119 269.914
101 -34.6493 -0.388145 271.269
102 -14.3101 3.39339 272.42
103 -1.88335 6.99867 268.767
104 1.25213 10.8109 264.367
105 12.4116 15.2957 281.817
106 18.814 19.475 288.612
107 23.5081 23.8281 293.72
108 42.596 28.994 305.397
109 48.6084 33.4956 320.652
110 56.2842 37.5003 316.243
111 70.6364 41.0543 307.444
112 73.1825 44.8753 306.303
113 71.5543 49.2432 310.367
114 64.0257 51.4264 266.897
115 49.6009 53.1016 199.528
116 43.0016 56.2725 169.895
117 32.9166 59.1433 129.048
118 23.4357 62.8176 99.3308
119 16.8966 65.9107 72.4191
120 9.16694 69.073 43.678
121 -0.420919 72.1268 11.1553
122 -15.3627 75.067 -35.8612
123 -32.1222 76.9776 -93.4419
124 -56.9429 78.1836 -177.444
125 -89.7258 77.466 -288.316
126 -137.599 74.4908 -447.023
127 -196.289 70.0216 -636.86
128 -276.63 -4.8484 -773.836
129 -314.756 -88.0336 -748.358
130 -270.925 -84.6668 -624.421
131 -210.451 -82.014 -449.656
132 -142.103 -79.5358 -250.419
133 -59.5414 -72.7517 -19.163
134 24.0079 -65.7205 213.432
135 83.6271 -58.0394 373.926
136 122.59 -51.7525 474.5
137 136.316 -46.7795 509.062
138 153.931 -42.0289 548.311
139 160.536 -37.4999 559.454
140 162.316 -33.1986 574.82
141 178.063 -28.143 575.986
142 190.312 -23.2664 595.133
143 176.283 -20.4381 632.076
144 193.245 -15.359 672.101
145 208.966 -10.1424 705.322
146 223.73 -5.30544 742.485
147 259.756 0.816815 803.123
148 265.157 3.55731 896.139
149 290.539 9.5997 951.527
150 261.422 12.9883 910.067
151 260.516 17.3572 906.026
152 260.882 21.7165 902.711
153 239.463 25.786 874.76
154 255.969 31.1628 898.672
155 235.246 35.4147 908.647
156 262.102 41.2681 915.605
157 251.363 45.5935 933.274
158 234.627 49.7466 951.572
159 228.16 54.2684 945.121
160 219.297 58.6981 931.839
161 214.399 62.6505 919.878
162 199.41 66.4201 877.821
163 180.317 70.3027 831.441
164 169.575 71.8011 763.172
165 158.24 73.6985 696.22
166 146.044 75.3355 628.748
167 132.639 77.4886 566.577
168 116.518 77.7895 472.544
169 106.478 80.267 421.494
170 93.9059 82.4221 365.708
171 90.1272 85.7633 334.135
172 79.7753 87.3343 274.571
173 66.7993 89.3972 219.19
174 35.8114 88.2598 102.589
175 -8.16263 85.289 -51.6727
176 -73.9875 81.2327 -264.89
177 -191.809 69.4947 -644.266
178 -1048.76 -45.2999 -3393.65
179 -1051.35 -40.3861 -3401.43
180 -1702.82 -82.2969 -4135.89
181 -2610.52 -155.215 -4925.59
182 -2731.73 -153.499 -5154.59
183 -2870.31 -152.224 -5440.36
184 -2857.25 -146.751 -5417.55
185 -2538.81 -133.72 -4822.49
186 -2135.8 -118.458 -4070.22
187 -1829.02 -105.971 -3492.69
188 -1585.22 -94.6734 -3029.05
189 -1530.2 -87.8491 -2919.47
190 -1700.8 -89.1058 -3110.21
191 -1674.65 -83.374 -3057.53
192 -1585.47 -75.3746 -2888.05
193 -1910.36 -95.8674 -2745.99
194 -2308.76 -115.459 -2918.83
195 -2872.24 -148.482 -3053.39
196 -3043.22 -150.867 -3263.39
197 -3233.79 -154.128 -3501.55
198 -3452.24 -158.598 -3772.75
199 -3666.22 -162.003 -4016.02
200 -3801.57 -162.535 -4175.88
201 -4170.45 -173.299 -4607.74
202 -4397.26 -177.278 -4868.19
203 -4658.42 -183.054 -5172.13
204 -4997.94 -191.77 -5558.26
205 -5400.38 -203.586 -6023.24
206 -5732.53 -212.14 -6400.99
207 -6009.87 -218.43 -6715.56
208 -6352.53 -227.487 -7116.97
209 -6694.75 -236.346 -7516.47
210 -6829.7 -236.592 -7675.74
211 -6854.24 -231.888 -7704.31
212 -7345.04 -246.564 -8275.43
213 -7341.98 -241.389 -8282.75
214 -6976.41 -260.865 -8658.24
215 -6389.17 -276.137 -8866.69
216 -6193.14 -266.498 -8707.87
217 -5817.13 -258.706 -8495.92
218 -5371.26 -254.304 -8325.59
219 -4907.38 -261.26 -8358.76
220 -4681.63 -257.468 -8280.21
221 -4575.59 -248.478 -8154.79
222 -4279.17 -247.903 -8032.84
223 -3782.93 -250.877 -7819.06
224 -3387.33 -252.755 -7671.53
225 -3379.74 -246.55 -7660.81
226 -3528.42 -224.728 -7313.09
227 -3615.38 -210.532 -7125.23
228 -3608.01 -205.167 -7141.54
229 -3617.62 -199.941 -7168.69
230 -3649.74 -195.479 -7237.55
231 -3650.87 -189.738 -7241.56
232 -3702.56 -175.464 -7003.76
233 -3609.21 -167.755 -6832.6
234 -3132.32 -152.164 -5943.47
235 -2393.85 -131.473 -4565.69
236 -1578.05 -99.9787 -3045.36
237 -904.206 -71.675 -1788.23
238 -506.278 -50.37 -1048.26
239 -348.297 -37.8888 -756.861
240 -205.987 -26.0137 -501.266
241 643.582 -3.90692 1218.52
242 654.34 2.61593 1238.67
243 606.522 4.12255 1273.01
244 559.222 5.73029 1341.87
245 560.183 11.9321 1346.17
246 435.335 25.5929 1471.12
247 269.286 38.7241 1571.15
248 61.5717 50.4209 1627.13
249 -223.273 67.1237 1767.5
250 -466.142 78.7279 1826.49
251 -735.589 86.2726 1801.98
252 -955.998 93.4049 1763.77
253 -1308.76 100.825 1711.69
254 -1682.09 110.409 1696.88
255 -2063.34 115.691 1590.28
256 -2466.77 120.261 1449.4
257 -2954.62 125.441 1294.4
258 -3710.82 129.694 1038.17
259 -4404.17 124.252 599.48
260 -5184.02 116.918 85.4354
261 -5835.24 109.139 -401.083
262 -6413.04 100.738 -892.742
263 -7151.33 87.3576 -1544.77
264 -7580.17 75.4293 -2067.3
265 -8022.08 58.4877 -2711.25
266 -8363.72 40.3506 -3353.48
267 -8792.64 13.8385 -4214.41
268 -9002.3 -2.85942 -4786.71
269 -9165.33 -18.9508 -5344.41
270 -9353.32 -45.1028 -6147.34
271 -9324.84 -42.7168 -6229.04
272 -9002.9 -64.9755 -6835.12
273 -8744.42 -84.6414 -7399.71
274 -8403.12 -110.069 -8081.8
275 -8120.98 -132.209 -8699.6
276 -7468.88 -161.342 -9175.62
277 -7346.69 -159.336 -9200.49
278 -6792.38 -175.934 -9407.61
279 -6262.71 -187.724 -9495.08
280 -5901.99 -193.295 -9543.05
281 -5500.41 -200.077 -9586.15
282 -5091.25 -206.457 -9610.31
283 -4690.26 -191.424 -8863.84
284 -3630.4 -163.006 -6887.21
285 -2198.06 -128.131 -4213.13
286 -896.868 -76.6188 -1789.99
287 -165.518 -43.9719 -426.7
288 135.906 -27.1297 138.118
289 332.816 -20.8634 566.098
290 492.078 -16.5366 923.528
291 484.247 -9.99433 904.815
292 486.426 -1.94023 817.216
293 483.756 5.54813 759.24
294 486.717 14.2353 658.4
295 479.44 22.0349 586.909
296 478.683 28.4316 613.266
297 481.629 34.939 612.929
298 486.108 41.6304 608.218
299 478.929 48.7289 584.776
300 474.922 55.3935 584.136
301 574.105 62.782 683.667
302 722.227 70.6833 833.371
303 706.531 77.551 842.047
304 703.051 84.3979 825.172
305 857.562 94.5516 1014.3
306 1081.27 104.893 1229.16
307 1264.16 114.216 1421.7
308 1258.42 120.777 1402.81
309 1008.39 141.572 1790.52
310 910.588 163.446 2236.48
311 529.45 180.44 2486.12
312 -82.4068 210.686 3077.71
313 -71.671 217.411 3079.14
314 -1318.69 250.807 3427.94
315 -1560.18 263.367 3506
316 -2329.25 283.525 3646.07
317 -3676.55 322.568 4094.52
318 -4838.64 350.205 4315.98
319 -5778.67 370.712 4436.91
320 -6616.21 385.693 4457.99
321 -8105.27 384.851 4002.22
322 -9311.24 381.326 3540.11
323 -10738.7 363.03 2692.75
324 -11579 358.413 2275.73
325 -11431 343.854 1793.86
326 -12013 317.831 456.287
327 -12634.2 312.351 -366.162
328 -13616.3 295.36 -1782.42
329 -13455.8 247.335 -3159.97
330 -13918.2 238.038 -3988.7
331 -14641.7 219.798 -5282.66
332 -14667.4 228.873 -5237.44
333 -14483 186.966 -6742.54
334 -14281.9 166.424 -7494.13
335 -13873.2 162.456 -7411.56
336 -12010.8 46.831 -8924.22
337 -9662.04 -83.8564 -10366.7
338 -9334.9 -75.1305 -10037
339 -10271.7 -72.3157 -11091.9
340 -10773.6 -78.0014 -11028.5
341 -11973.9 -93.0586 -11411.9
342 -13251.7 -103.407 -12186.5
343 -14327.4 -121.67 -12276.8
344 -16209 -143.1 -13272.5
345 -16679.5 -143.68 -13450.4
346 -18387 -155.799 -14696.2
347 -19615 -164.135 -15466.6
348 -21197.9 -179.854 -16307.6
349 -23170 -201.748 -17306.1
350 -24352.7 -220.03 -17401.4
351 -24946.7 -223.161 -17572.7
352 -26962.3 -245.528 -18396.3
353 -28249.1 -258.234 -18820.6
354 -28345.7 -251.79 -18866.3
355 -28862.6 -249.625 -19194.4
356 -30167.6 -282.195 -22014.2
357 -35455.1 -437.623 -33423.9
358 -35421.3 -431.213 -33467.9
359 -35423.3 -424.977 -33514.4
360 -35427.6 -419.712 -33586.7
361 -35368.4 -413.492 -33622.3
362 -35278.3 -408.762 -33683.1
363 -35202.4 -405.668 -33795.6
364 -35071.2 -401.592 -33861.1
365 -34914.7 -397.129 -33898.8
366 -34766 -391.27 -33896.8
367 -34603.4 -385.493 -33884.4
368 -34429.8 -378.788 -33847.4
369 -34122.9 -374.84 -33859.7
370 -33983.7 -366.477 -33794
371 -33790.4 -357.243 -33724
372 -33625.9 -344.623 -33470.4
373 -33447.3 -334.239 -33379.7
374 -33327.5 -323.167 -33191.1
375 -33246.3 -314.945 -33112.5
376 -33002.9 -308.163 -32949.9
377 -32828.4 -301.341 -32846.7
378 -32618.5 -284.021 -32411.4
379 -32394.1 -273.946 -32191.9
380 -32028.9 -267.505 -32022
381 -31808.5 -260.752 -31913.8
382 -31568 -240.317 -31340.3
383 -31069.9 -230.124 -30954.4
384 -30770 -216.103 -30556.9
385 -30430.3 -199.062 -30043
386 -30045.3 -179.704 -29438.6
387 -29943.2 -171.06 -29329.9
388 -29782.5 -162.351 -29109.9
389 -29742.9 -154.635 -29073
390 -29584.3 -145.232 -28958.5
391 -29527.8 -136.745 -28918.8
392 -29406.7 -130.331 -28732.9
393 -29480.6 -120.16 -28914
394 -29833.3 -113.846 -29226.7
395 -30043.4 -106.226 -29444.5
396 -30419.3 -97.2788 -29897.7
397 -30904.2 -91.4959 -30331.5
398 -31400.6 -79.461 -31025.1
399 -31601.7 -73.0976 -31163.9
400 -31745.3 -75.8528 -30866.6
401 -32083.5 -81.6762 -30638.3
402 -31766.6 -64.9975 -30679.5
403 -32176.8 -67.6751 -30650.6
404 -32304.2 -73.2867 -30229.4
405 -32645.8 -46.3987 -31332.3
406 -35213.4 -432.414 -32988
407 -35208.2 -424.127 -32972
408 -35259.8 -416.265 -32958.9
409 -35282.4 -407.997 -32941.8
410 -35359.4 -400.042 -32924.1
411 -35372.7 -391.743 -32923.1
412 -35425.9 -383.683 -32940.6
413 -35464.6 -376.391 -32966.8
414 -35512.9 -367.984 -32988.8
415 -35566.1 -360.71 -33030.5
416 -35597.2 -353.458 -33072.9
417 -35602.7 -347.136 -33137
418 -35620.3 -339.897 -33159.3
419 -35539.4 -333.903 -33195.1
420 -35434.9 -328.874 -33243.1
421 -35375.1 -322.387 -33275.5
422 -35345.2 -315.223 -33299.2
423 -35321.3 -307.666 -33313.9
424 -35266.4 -300.979 -33344.3
425 -35265.5 -293.624 -33389.3
426 -35218.2 -286.874 -33495.2
427 -35223.6 -279.406 -33530.1
428 -35201.8 -270.655 -33516.4
429 -35207.9 -262.262 -33514
430 -35212.2 -254.747 -33552.7
431 -35225.7 -246.726 -33564.4
432 -35129.2 -239.652 -33560.1
433 -35076.4 -232.005 -33546.6
434 -34892.9 -226.594 -33524.3
435 -34604.7 -223.068 -33488.9
436 -34603.1 -214.938 -33481.3
437 -34853.7 -212.139 -33132.6
438 -34806.2 -204.299 -32940.1
439 -35058.1 -197.888 -33106.7
440 -35099.2 -189.656 -33134.5
441 -35366.5 -192.316 -32973.1
442 -36082.6 -213.151 -32541.8
443 -36672.5 -228.08 -32179.1
444 -37348.3 -244.727 -31832.3
445 -37987.4 -262.338 -31416.5
446 -38590.6 -278.871 -31007.4
447 -38728 -284.509 -30560.5
448 -38949.7 -296.201 -29954.3
449 -39600.2 -315.35 -29493.1
450 -40140.6 -342.375 -28586.5
451 -40293.1 -338.61 -28546
452 -40617.8 -354.149 -27902.1
453 -40682.2 -364.257 -27193.6
454 -40663.3 -371.831 -26530.4
455 -40691.8 -364.509 -26509.1
456 -40707.8 -355.857 -26492.8
457 -40712.1 -346.53 -26422.6
458 -40693.8 -341.3 -26686.8
459 -40478.2 -328.181 -26414
460 -40427.5 -319.264 -26366.5
461 -40220.4 -309.082 -26100.4
462 -40255.1 -299.917 -26039.2
463 -40259.2 -291.555 -26051.2
464 -40179 -284.136 -26180.8
465 -40194.9 -276.583 -26218.2
466 -40162.4 -267.165 -26224.8
467 -40155.6 -258.69 -26227
468 -40143.4 -249.88 -26236.5
469 -40161.8 -241.03 -26211.1
470 -39627.6 -246.902 -26662.5
471 -39326.6 -246.731 -26920.6
472 -38867.8 -250.723 -27286.8
473 -38440.3 -253.647 -27641.5
474 -38253.2 -247.83 -27982.9
475 -38510.6 -249.626 -28253.5
476 -39176.7 -260.137 -28581.1
477 -39614.8 -269.574 -29081.3
478 -39769 -270.496 -29424.3
479 -40208.5 -278.773 -29889.2
480 -40496.7 -284.525 -30391.5
481 -40621.9 -276.44 -30318.6
482 -40818.5 -288.444 -29540
483 -40487.7 -304.238 -28860.2
484 -40179.3 -314.25 -28364.8
485 -40013 -330.751 -27596.4
486 -40184.5 -323.775 -27455.6
487 -40277.5 -317.135 -27340.6
488 -40417.4 -310.783 -27180.2
489 -40404.8 -302.432 -27037.1
490 -40819.3 -301.811 -26580.9
491 -42275.1 -412.578 -27267.6
492 -43718.7 -521.896 -27943.9
493 -44329.8 -537.306 -27578.1
494 -45175.5 -561.809 -27094.7
495 -45602.6 -565.285 -27191.3
496 -46198.1 -579.638 -26857.4
497 -46305.6 -570.412 -26983.4
498 -46922.7 -590.046 -26465
499 -47023.8 -581.494 -26545.4
500 -47600.2 -591.537 -26384.8
501 -47600.1 -582.239 -26391.9
502 -48178.7 -589.043 -26350.1
503 -48403.1 -586.218 -26338.8
504 -48219.6 -571.925 -26338
505 -48465.1 -569.288 -26381.2
506 -48750.8 -567.984 -26393.5
507 -48868.5 -565.906 -26666.7
508 -48854.1 -556.148 -26663.4
509 -49267.2 -557.384 -26672.9
510 -49625.7 -557.157 -26717.2
511 -49629.9 -547.51 -26704.9
512 -49641.9 -543.933 -27109.4
513 -49701.1 -534.836 -27034.5
514 -49436.7 -526.778 -27327.9
515 -49721.5 -524.161 -27321.2
516 -49614.3 -509.861 -27167.6
517 -50095.9 -514.362 -27324
518 -50639.2 -520.785 -27533.6
519 -50624.5 -511.448 -27534.6
520 -50413.7 -504.159 -27642.2
521 -49988.4 -498.562 -27846.8
522 -49358 -494.58 -28148.6
523 -49344.9 -485.311 -28160.1
524 -49597.2 -473.45 -27785.7
525 -49652.1 -463.539 -27705.4
526 -49257.2 -438.456 -27296.6
527 -49071.7 -412.925 -26664
528 -48992.6 -394.003 -26246.3
529 -48969.7 -372.468 -25595.5
530 -48929.3 -343.421 -24556.1
531 -48926.9 -333.956 -24554
532 -48139.7 -357.706 -23808.9
533 -47323.3 -384.096 -22978.9
534 -46658 -402.802 -22358.6
535 -46007.4 -422.861 -21677.9
536 -45422.3 -442.602 -20986.8
537 -44801 -462.696 -20290.9
538 -45041.9 -460.946 -19918.3
539 -45291 -459.501 -19544.8
540 -45640.6 -461.596 -18977.4
541 -46795 -526.604 -18676.6
542 -46889.2 -519.025 -18501.2
543 -47722.5 -543.613 -18046
544 -47742.9 -534.036 -17987.2
545 -47753.4 -524.219 -17929.6
546 -47776.9 -514.193 -17823
547 -47781.3 -504.326 -17785.3
548 -47780 -496.015 -17888.2
549 -47782.8 -485.654 -17796
550 -47825.6 -477.411 -17814.8
551 -48643.8 -493.01 -17926.2
552 -49153.2 -497.629 -17870.4
553 -49178.7 -488.581 -17879.8
554 -49506.1 -488.756 -17971.7
555 -49997.7 -491.541 -17925.6
556 -50453.1 -493.989 -17919.6
557 -51109.4 -499.551 -17815.7
558 -51844.9 -507.254 -17690.6
559 -52000.3 -500.843 -17658.7
560 -52545.8 -504.089 -17659.3
561 -53292 -511.335 -17684.6
562 -53829.4 -514.605 -17759.2
563 -53837.8 -504.796 -17698
564 -53847.7 -494.916 -17651.6
565 -54698.7 -498.361 -17153.2
566 -54770.6 -481.554 -16529.3
567 -55189 -480.221 -16435.5
568 -55200.9 -470.64 -16447.8
569 -54587.9 -466.234 -16625.4
570 -53862.7 -463.042 -16844.6
571 -53153.1 -459.835 -17009.9
572 -51869.3 -461.092 -17225
573 -51389.2 -455.634 -17337.2
574 -50521.3 -452.454 -17452.6
575 -50527.4 -442.369 -17455.7
576 -50590.2 -433.001 -17117.4
577 -50782.9 -426.077 -16120.8
578 -50940.3 -418.779 -15294.4
579 -52043.7 -504.727 -14598.6
580 -52293.3 -506.682 -13820.7
581 -52033 -511.816 -13366.6
582 -51596 -526.775 -12654.2
583 -51301.8 -532.313 -12220.6
584 -50717.4 -553.704 -11379.9
585 -50160.8 -573.744 -10603.6
586 -49613.2 -596.133 -9721.94
587 -49873.9 -593.327 -9129.16
588 -49950.5 -578.63 -8359.53
589 -50006 -566.912 -7937.86
590 -50202.2 -557.432 -7214.54
591 -50336.8 -547.248 -6731.9
592 -50437.6 -534.873 -6146.87
593 -50538.3 -523.453 -5647.96
594 -51259.9 -531.789 -5313.84
595 -52316.8 -549.24 -4912.77
596 -53013.3 -557.233 -4601.63
597 -53903.8 -572.256 -4409.22
598 -54876 -594.34 -4739.89
599 -55562 -607.276 -5029.86
600 -56123.1 -617.057 -5410.3
601 -56300.5 -612.891 -5516.6
602 -56576.3 -614.134 -5900.84
603 -56812.4 -612.896 -6161.22
604 -56790.1 -608.766 -7067.4
605 -56775.9 -598.275 -7054.05
606 -56662.9 -584.896 -7031.98
607 -56410 -568.289 -6920.14
608 -55852.6 -542.842 -6743.96
609 -55321.4 -518.424 -6550.03
610 -54990.7 -499.643 -6419.58
611 -53415.5 -448.595 -5587.05
612 -51626.8 -391.665 -4635.04
613 -49264.9 -334.509 -5896.84
614 -49364.5 -327.905 -6116.1
615 -49557 -324.1 -6496.55
616 -49411.4 -309.56 -6279.78
617 -49435.4 -299.934 -6330.64
618 -46767.7 -205.323 -1635.43
619 -48172.3 -206.507 -2436.22
620 -49068.4 -203.662 -2983.18
621 -49457.9 -198.426 -3339.47
622 -49786.2 -194.73 -3741.02
623 -49871.8 -201.575 -4597.34
624 -49951.2 -214.499 -5755.08
625 -50000.5 -222.696 -6670.3
626 -51557.9 -379.571 -7662.52
627 -52776.1 -497.537 -8293.05
628 -53691.6 -583.152 -8733.95
629 -55098 -716.865 -9247.98
630 -55233.2 -716.096 -9021.72
631 -54853.4 -719.835 -8582.5
632 -54706.2 -716.699 -8377.37
633 -54663.7 -730.295 -7776.65
634 -54589.9 -734.453 -7416.56
635 -54469.1 -737.591 -7077.74
636 -54500.3 -728.24 -7051.34
637 -54461.3 -716.623 -7069.8
638 -54339.7 -706.825 -7562.71
639 -54504.8 -706.073 -8145.24
640 -54552.1 -701.937 -8770.96
641 -54577.8 -694.546 -9065.08
642 -54158.9 -675.22 -9432.59
643 -53731.3 -655.717 -9859.28
644 -53435.2 -639.068 -10186.5
645 -53129.5 -619.765 -10219.5
646 -52595 -594.253 -10330.5
647 -51844.7 -557.276 -9929.14
648 -51292.5 -527.222 -9580.97
649 -50848.7 -500.002 -9241.63
650 -50810.4 -481.753 -8457.22
651 -50776.3 -462.672 -7548.57
652 -50692.4 -445.062 -6891.83
653 -50642.9 -428.037 -6199.64
654 -50647.4 -417.447 -6209.33
655 -50020 -399.44 -5621.24
656 -49529.4 -382.821 -5163.99
657 -48770.6 -362.697 -4410.52
658 -48122.5 -343.57 -3781.44
659 -47666.2 -350.173 -2294.26
660 -47370.9 -334.246 -2118.08
661 -41629.5 -216.686 1277.17
662 -41813.1 -210.129 1177.47
663 -42039.2 -202.677 1048.97
664 -42603.3 -198.831 721.178
665 -43427.8 -197.938 240.974
666 -44513.3 -199.909 -373.165
667 -46222.3 -209.419 -1334.79
668 -48303.2 -223.401 -2509.69
669 -50106.1 -296.521 -3423.02
670 -51379.8 -385.786 -3959.42
671 -52363.6 -463.576 -4291.2
672 -53032.1 -519.6 -4440.96
673 -53531.7 -560.386 -4661
674 -54107.4 -609.765 -4957.01
675 -54767.2 -668.938 -5313.76
676 -55259.7 -709.651 -5526.23
677 -55912.4 -763.718 -5605.53
678 -56525.5 -811.718 -5526.14
679 -57055.1 -847.741 -5253.36
680 -57057.8 -836.938 -5258.7
681 -57250.6 -835.738 -4961.65
682 -57524.4 -835.59 -4611
683 -57799.7 -833.217 -4327.46
684 -58134.6 -829.605 -4049.98
685 -58426.1 -825.094 -3820.24
686 -58726.5 -821.369 -3523.96
687 -59055.4 -817.569 -3260.68
688 -59160 -803.521 -2531.17
689 -59334.3 -793.058 -1972.17
690 -59364.7 -776.501 -1199.2
691 -59277.3 -754.493 -182.249
692 -58759.8 -719.641 789.948
693 -58142.2 -680.736 1850.27
694 -57365.6 -638.649 2651.95
695 -55980.3 -577.352 3621.92
696 -54450.3 -514.418 4258.67
697 -52858.9 -450.755 4850.74
698 -50873.1 -385.98 4338.67
699 -50842.8 -376.407 4149.84
700 -49616.7 -364.24 3906.43
701 -48189.7 -352.495 3530.49
702 -47298.8 -341.553 3229.21
703 -46096.6 -332.872 2600.07
704 -45155.2 -320.058 2453.93
705 -44291.3 -311.389 1853.58
706 -43592.7 -303.892 1122.66
707 -43092.8 -296.293 505.502
708 -43065.3 -284.83 523.539
709 -42457.9 -262.757 845.131
710 -42183.1 -246.447 1007.19
711 -42412.5 -239.805 872.39
712 -42909.1 -237.357 594.507
713 -43611.8 -217.51 106.62
714 -44968.3 -191.252 -825.439
715 -46590.9 -165.169 -1923.13
716 -48812.1 -305.048 -2523.73
717 -51008.1 -449.635 -3084.62
718 -52814.7 -582.746 -3461.11
719 -53898.6 -681.193 -3478.68
720 -54457 -727.025 -3494.3
721 -54894.9 -761.585 -3521.74
722 -55207.2 -784.344 -3548.79
723 -55543 -810.223 -3589.63
724 -55754.5 -822.951 -3613.55
725 -55899.4 -828.32 -3631.84
726 -55995.9 -827.319 -3635.96
727 -56039.7 -820.333 -3643.38
728 -56074.9 -812.075 -3646.75
729 -56064 -800.449 -3614.47
730 -56056.3 -788.845 -3594.81
731 -56062.9 -778.128 -3555.94
732 -56068.2 -766.918 -3524.16
733 -56061.7 -754.57 -3478.69
734 -56060.5 -743.094 -3458.04
735 -56065.5 -731.394 -3434.11
736 -56060.3 -719.558 -3410.69
737 -56040.6 -707.297 -3400.21
738 -56021.6 -694.8 -3383.4
739 -55993.1 -682.293 -3371.51
740 -55932.8 -668.745 -3356.14
741 -55822.5 -653.289 -3327.36
742 -55647.2 -635.853 -3281.49
743 -55405.7 -616.072 -3217.09
744 -55126.9 -595.351 -3142.41
745 -54817.4 -573.676 -3060.65
746 -54537.3 -552.993 -2987.24
747 -54276.3 -533.28 -2918.6
748 -54057.1 -516.188 -2859.78
749 -53933.1 -503.102 -2821.66
750 -53823.1 -490.566 -2784.32
751 -53688.9 -477.883 -2740.43
752 -53556.7 -465.028 -2697.23
753 -53400.9 -452.25 -2642.81
754 -53187.6 -438.824 -2574.52
755 -53018.8 -425.886 -2529.71
756 -52789.3 -412.082 -2507.81
757 -52472 -398.828 -2501.95
758 -52138.1 -386.974 -2506.55
759 -51736.5 -376.39 -2520.47
760 -50940.8 -367.774 -2558.2
761 -50426.1 -349.899 -2371.05
762 -50146.9 -334.97 -2265.29
763 -50810.4 -506.885 -466.946
764 -55064.1 -668.214 -784.722
765 -55225.1 -665.772 -772.026
766 -55413.6 -666.442 -789.004
767 -55578.8 -666.084 -807.766
768 -55564.4 -657.426 -864.86
769 -55717 -698.1 -1346.75
770 -55875 -742.809 -1870.09
771 -56020.5 -785.634 -2378.67
772 -56107.3 -808.047 -2695.82
773 -56174.3 -824.711 -2959.83
774 -56210.3 -830.757 -3128.2
775 -56252.2 -833.551 -3257.75
776 -56282.3 -832.214 -3353.67
777 -56321.8 -828.871 -3425.36
778 -56335.2 -817.542 -3422.82
779 -56347.4 -805.922 -3417.3
780 -56341.4 -794.316 -3419.23
781 -56364.3 -783.12 -3414.13
782 -56353 -771.345 -3413.06
783 -56347.5 -759.682 -3415.82
784 -56337.8 -748.111 -3418.3
785 -56336.9 -736.636 -3417.54
786 -56322.6 -724.637 -3417.31
787 -56303.2 -713.597 -3429.27
788 -56270.3 -701.331 -3432.3
789 -56206 -689.542 -3430.06
790 -56095.3 -674.953 -3405.35
791 -55917.4 -657.216 -3359.48
792 -55664.8 -636.363 -3292.52
793 -55347.7 -612.734 -3208.43
794 -54977.1 -591.474 -3108.21
795 -54594.9 -567.48 -3006.74
796 -54245.1 -545.193 -2913.15
797 -53938.5 -526.989 -2826.88
798 -53693.4 -511.338 -2753.57
799 -53544.7 -499.101 -2700.3
800 -53395 -489.715 -2627.68
801 -53231.8 -483.906 -2530.14
802 -53055.8 -482.304 -2403.2
803 -52838.3 -481.8 -2249.85
804 -52595.3 -486.897 -2053.07
805 -52377 -494.46 -1852.48
806 -52187.3 -502.569 -1656.32
807 -51988.1 -514.619 -1434.48
808 -51776.4 -530.007 -1191.72
809 -51644.6 -562.175 -791.624
810 -51729.4 -574.277 -558.858
811 -52052.1 -574.118 -588.739
812 -52837.8 -589.82 -669.37
813 -54049.1 -619.976 -788.98
814 -54057.8 -608.8 -788.685
815 -54152.6 -593.022 -618.851
816 -54252.6 -577.016 -442.623
817 -54384.6 -557.011 -169.675
818 -54408 -544.855 -150.87
819 -54787.4 -542.361 -99.0868
820 -55155.8 -539.754 -48.8614
821 -55669.3 -574.406 -330.656
822 -56410.5 -632.337 -762.857
823 -56912.8 -687.235 -1254.52
824 -57247.5 -742.886 -1828.38
825 -57285.2 -779.759 -2321.08
826 -57266.5 -798.857 -2647.9
827 -57198.5 -813.366 -2946.91
828 -57109.9 -813.877 -3111.41
829 -57031.6 -813.506 -3263.54
830 -56923.6 -806.705 -3366.68
831 -56843.7 -798.247 -3435.91
832 -56780.1 -788.086 -3479.64
833 -56714.1 -775.049 -3494.92
834 -56665.4 -762.743 -3511.35
835 -56632 -749.544 -3509.56
836 -56600.3 -737.153 -3513.81
837 -56578.4 -724.955 -3516.46
838 -56540.6 -712.547 -3515.69
839 -56438.7 -698.125 -3497.46
840 -56272.9 -681.775 -3459.28
841 -56019.8 -660.716 -3392.72
842 -55691.7 -637.019 -3306.2
843 -55288.6 -610.748 -3199.1
844 -54816.4 -587.05 -3071.23
845 -54358.4 -560.562 -2949.29
846 -53946.4 -538.414 -2836.52
847 -53604.2 -520.645 -2735.37
848 -53304.6 -502.374 -2648.15
849 -53098.2 -486.056 -2584.85
850 -52904 -482.842 -2457.7
851 -52662.5 -483.93 -2288.63
852 -52415.2 -491.799 -2077.26
853 -52133.3 -501.318 -1837.37
854 -51840.9 -509.689 -1598.16
855 -51508.6 -528.455 -1280
856 -51145.3 -551.474 -922.828
857 -50628.6 -544.362 -661.786
858 -50096.9 -533.064 -418.866
859 -49664.5 -511.724 -294.261
860 -49304.6 -486.862 -238.901
861 -49308.8 -474.432 -219.009
862 -49445.4 -461.751 -134.216
863 -49527.3 -446.797 -19.7118
864 -49600.4 -437.92 -43.4923
865 -49773.4 -429.867 -8.78918
866 -49858.5 -419.846 7.321
867 -50021.8 -410.446 56.2204
868 -50157.4 -400.625 92.4684
869 -50311.7 -391.932 122.138
870 -50520.3 -387.729 101.247
871 -51211.1 -406.995 0.962502
872 -52180.3 -438.786 -140.476
873 -53234.5 -475.172 -294.311
874 -54365.2 -515.64 -459.033
875 -56199.4 -590.772 -735.636
876 -56407.7 -606.996 -955.47
877 -56709 -634.401 -1260.5
878 -57046.2 -666.891 -1599.72
879 -57348.1 -699.374 -1943.24
880 -57535.1 -728.533 -2294.19
881 -57595.1 -749.431 -2619.58
882 -57547.3 -766.411 -2948.92
883 -57474.9 -780.679 -3262.87
884 -57322.3 -783.141 -3480.71
885 -57173.9 -776.426 -3595.41
886 -57033.2 -762.828 -3631.23
887 -56924.8 -748.765 -3644.02
888 -56830.5 -731.412 -3618.51
889 -56690.9 -711.574 -3577.48
890 -56482.5 -689.798 -3520.98
891 -56146.9 -664.964 -3432.88
892 -55717.1 -637.792 -3319.33
893 -55203.7 -607.902 -3183.28
894 -54604.7 -580.245 -3021.44
895 -54022.1 -551.503 -2865.12
896 -53498.7 -526.483 -2721.37
897 -53074.4 -506.804 -2595.85
898 -52716.9 -485.456 -2494.86
899 -52445 -473.72 -2381.32
900 -52115.5 -481.916 -2136.89
901 -51822.7 -489.295 -1908.45
902 -51455 -499.56 -1628.55
903 -51085.9 -518.481 -1298.2
904 -50636.3 -534.325 -950.251
905 -49975.3 -558.908 -457.315
906 -49416.5 -545.023 -229.554
907 -48982.3 -508.989 -228.298
908 -48641.6 -483.568 -186.791
909 -48221.1 -454.942 -135.532
910 -48134.6 -439.613 -121.718
911 -48257.7 -432.282 -127.453
912 -48318 -422.434 -130.218
913 -48410.5 -413.448 -131.561
914 -48426.3 -401.64 -129.75
915 -48570.3 -385.953 -6.45087
916 -48667.8 -371.489 69.9333
917 -48812.9 -355.595 188.513
918 -48990.9 -339.155 320.625
919 -49285.7 -340.728 277.488
920 -50072.4 -365.844 161.229
921 -51168 -404.419 1.04483
922 -52484.4 -452.781 -191.299
923 -54043.9 -512.084 -418.649
924 -55685.7 -622.175 -592.513
925 -55692.9 -609.805 -594.765
926 -55914.9 -615.221 -774.487
927 -56109.9 -618.261 -926.139
928 -56344.7 -624.61 -1113.11
929 -56575.4 -630.823 -1297.82
930 -56710.9 -629.214 -1397.32
931 -56908.3 -631.315 -1510.36
932 -57258.5 -645.969 -1711.82
933 -57550.5 -656.175 -1868.87
934 -57930 -691.438 -2262.36
935 -58349.4 -739.702 -2769.58
936 -58021.3 -760.965 -3253.9
937 -57795.1 -763.575 -3505.76
938 -57548.1 -771.299 -3833.42
939 -57335.5 -747.21 -3771.4
940 -56881.9 -710.198 -3639.58
941 -56381.6 -673.301 -3501.11
942 -55764.9 -639.277 -3338.39
943 -55048.6 -602.746 -3149.09
944 -54252.6 -569.413 -2934.44
945 -53490.8 -537.763 -2727.63
946 -52822.6 -508.403 -2543.81
947 -52285.1 -482.949 -2395.1
948 -51844.2 -459.662 -2269.63
949 -51372.8 -458.584 -2016.35
950 -50846.5 -459.663 -1723.46
951 -50345.6 -459.465 -1446.36
952 -49677.3 -463.139 -1071.89
953 -48629.2 -475.748 -487.172
954 -47574.7 -449.77 -109.318
955 -46068.4 -417.125 423.639
956 -44615.4 -344.413 713.178
957 -43441.5 -284.512 973.41
958 -43232.5 -239.787 2583.99
959 -43027.8 -198.353 3952.77
960 -43611.2 -198.141 4571.89
961 -44187.4 -198.24 5160.07
962 -44839.5 -199.518 5885.83
963 -45393.6 -192.237 6865.66
964 -45126.1 -160.682 7481.47
965 -46431.2 -113.122 8642.63
966 -47897.5 -84.3282 9233.34
967 -49136.8 -56.9608 9752.45
968 -49149.6 -41.4778 9871.3
969 -50342.8 -81.1705 9828.35
970 -51504.9 -123.723 9646.39
971 -52520.6 -165.377 9268.64
972 -53449 -205.767 8824.91
973 -53500.1 -214.252 8234.27
974 -53671.7 -231.849 7637.8
975 -54576.1 -280.556 7214.77
976 -55115.5 -303.889 6987.48
977 -55943.9 -344.224 6697.23
978 -56469.3 -367.868 6460.16
979 -57266 -410.974 6077.86
980 -57778 -437.503 5739.98
981 -58113.7 -456.139 5379.36
982 -58472 -485.801 4766.19
983 -58469.6 -477.952 4641.01
984 -58473.7 -475.299 4403.03
985 -58464.1 -486.092 3798.01
986 -58468.6 -488.879 3408.56
987 -58471 -493.666 2965.21
988 -58469.5 -483.964 2901.15
989 -58850.2 -506.43 2499.53
990 -58910.8 -500.843 2405.74
991 -58776.2 -490.456 2262.58
992 -58455.2 -471.477 2242.21
993 -58378.4 -455.957 2281.63
994 -57748.5 -436.818 2190.64
995 -57355.6 -418.268 2192.11
996 -56860.3 -401.835 2091.04
997 -56267.2 -374.777 2256.55
998 -56252 -362.55 2242.13
999 -55468.8 -369.045 2854.8
1000 -54984 -368.704 3337.1
1001 -54534.7 -367.388 3800.5
1002 -54107.7 -365.683 4290.23
1003 -54104 -353.235 4289.24
1004 -53744.6 -344.725 4120.09
1005 -53025.5 -341.021 3764.89
1006 -51801.2 -338.419 3217.35
1007 -51805.5 -325.821 3215.88
1008 -51336.4 -317.94 2750.93
1009 -51347.6 -305.727 2762.25
1010 -51785.5 -302.564 3284
1011 -52396.7 -302.598 3907.47
1012 -52646.2 -292.834 3809.35
1013 -52635.6 -279.897 3836.65
1014 -51269.1 -270.367 3762.2
1015 -50546.4 -261.529 3644.89
1016 -49931.9 -244.043 3800.3
1017 -49576.5 -223.984 4051.49
1018 -49559.5 -211.579 4043.54
1019 -48497.8 -147.163 4275.45
1020 -47861.3 -99.7821 4561.33
1021 -47295.6 -52.5713 4928.53
1022 -47650.6 -46.7523 5261.54
1023 -47794.8 -36.9547 5385.54
1024 -48444.9 -35.6512 5935.16
1025 -48831.1 -30.8136 6244.19
1026 -49487.6 -31.1553 6758.36
1027 -49886.4 -26.4006 7058.72
1028 -50663.8 -28.9457 7657.5
1029 -50949.7 -21.9282 7874.55
1030 -51599.4 -21.8739 8387.28
1031 -52303 -22.2038 8988.86
1032 -52826 -19.3597 9419.19
1033 -53689.2 -34.6799 9811.44
1034 -54707.3 -79.1469 9653.19
1035 -55432.3 -106.55 9568.17
1036 -56515.6 -154.377 9450.75
1037 -57509.2 -197.643 9337.79
1038 -58551.6 -244.758 9174.94
1039 -59779.5 -302.536 8976.88
1040 -59778.3 -289.645 8987.12
1041 -60246.2 -310.595 8330.13
1042 -60738.2 -332.583 7678.37
1043 -60784.5 -323.878 7595.02
1044 -61064.6 -332.536 7052.22
1045 -61429 -346.295 6391.3
1046 -61775.5 -332.24 6605.28
1047 -61712.6 -320.131 6559.61
1048 -62005.9 -310.012 7357.96
1049 -62209.3 -300.854 8130.75
1050 -62529.7 -293.756 9429.45
1051 -62766.4 -287.195 10675.7
1052 -63213.9 -282.167 12702.4
1053 -63699.4 -278.329 14918.5
1054 -62756.5 -282.957 15286.6
1055 -62729.9 -270.749 15292.8
1056 -62700.1 -259.103 15307.5
1057 -61215.5 -317.956 16537.7
1058 -58993.5 -413.985 18401.5
1059 -59415.8 -406.989 19247.1
1060 -59399.5 -394.347 19175.8
1061 -59409.6 -382.086 19186.7
1062 -59372.6 -369.113 19188.7
1063 -59613.9 -359.262 19767.6
1064 -59401.2 -346.576 19574
1065 -59885.7 -338.507 20516.1
1066 -59883.5 -325.736 20517.9
1067 -60844.7 -332.082 20063.4
1068 -60812.9 -320.015 19984.3
1069 -60359.2 -317.877 18722.4
1070 -60073.3 -310.681 17987.9
1071 -60088.9 -298.366 18013
1072 -59783.9 -278.249 19142
1073 -59783.2 -265.46 19211.4
1074 -59720.2 -252.159 19216.4
1075 -59474.4 -234.505 19686.5
1076 -59002.6 -212.32 20471
1077 -59430.9 -208.232 20618.9
1078 -59217.2 -191.837 20972
1079 -58751.4 -170.249 21791.2
1080 -58846.3 -159.597 21781.1
1081 -58069.9 -132.784 21727.8
1082 -58048.3 -120.066 21705.6
1083 -58042.9 -107.488 21725.2
1084 -59062.1 -165.028 20594.9
1085 -59392.1 -178.475 19995.2
1086 -60076 -214.133 19187.6
1087 -60678.7 -246.656 18322.3
1088 -60924.3 -253.324 17936
1089 -61210.5 -261.704 17543.6
1090 -61681.6 -281.021 17011.4
1091 -62546.8 -324.38 16207.3
1092 -63342.6 -358.317 15809.1
1093 -63970.6 -381.548 15520.6
1094 -64188.5 -389.746 14739.1
1095 -64204.6 -377.057 14790.5
1096 -62030.4 -389.184 15385.4
1097 -60453.5 -394.521 15810.7
1098 -59637.6 -391.193 16040.2
1099 -58291.2 -393.874 16421.6
1100 -56945.4 -396.863 16771.6
1101 -55808.6 -397.624 17094.2
1102 -54987.4 -395.153 17331.9
1103 -53787.2 -397.074 17664.1
1104 -52157.5 -402.185 18073.1
1105 -50637.4 -345.231 16789.9
1106 -48509.7 -347.211 17074.4
1107 -44561.8 -298.413 16550.9
1108 -41696.5 -260.597 16188.6
1109 -41114 -242.88 16138.8
1110 -40984.5 -225.223 14340.7
1111 -39347.2 -198.915 14437.1
1112 -39367.2 -185.381 13810.3
1113 -39425.4 -173.922 13741.5
1114 -39479.5 -161.735 13811.9
1115 -39499.3 -149.671 13812.1
1116 -39874.5 -180.613 10842.3
1117 -40143.7 -205.271 8220.04
1118 -40112.3 -219.003 6164.9
1119 -40764.9 -248.433 3652.95
1120 -40766.6 -236.045 3644.94
1121 -40907.2 -238.504 763.317
1122 -41115.9 -236.275 -1119.76
1123 -41787.6 -227.477 -826.208
1124 -42409 -218.947 -561.361
1125 -42404.9 -215.503 -1990.55
1126 -42461.6 -202.942 -1910.64
1127 -42627.4 -190.939 -1717.27
1128 -41997.9 -177.904 -2607.52
1129 -41842.1 -165.737 -2867.46
1130 -41722.3 -153.581 -3064.21
1131 -41981.8 -138.526 -2529.93
1132 -41732.4 -126.677 -2956.59
1133 -41727 -114.525 -2966.94
1134 -41809.5 -106.557 -3028.75
1135 -41871.7 -96.9192 -3054.74
1136 -41779.6 -78.4115 -2955.18
1137 -41605.3 -50.8888 -2624.61
1138 -41062.3 -26.3026 -2978.21
1139 -40515.4 40.3691 -1683.35
1140 -41535 41.7392 -597.095
1141 -41834.4 51.0719 -279.328
1142 -43396.9 44.7135 1273.13
1143 -43463.3 56.5297 1348.67
1144 -43452.2 69.6372 1380.22
1145 -43410.1 82.8239 1357.23
1146 -40540 126.533 394.284
1147 -38062.9 174.604 -668.449
1148 -34574.2 258.707 -2751.23
1149 -33037 293.798 -3428
1150 -30464.4 365.352 -5137.11
1151 -27492.2 440.035 -6960.14
1152 -24267.8 460.436 -7316.7
1153 -21886.3 504.586 -8286.91
1154 -20420.2 537.849 -8922.5
1155 -6249.58 457 -7083.7
1156 -6299.47 467.627 -7019.28
1157 -6194.85 476.772 -6840.24
1158 -6045.89 485.828 -6652.69
1159 -6077.06 497.579 -6621.64
1160 -6088.59 509.806 -6608.6
1161 -6107.34 521.774 -6573.97
1162 -5986.6 536.814 -6489.72
1163 -6031.47 548.095 -6462.46
1164 -6038.85 560.342 -6456.54
1165 -6039.61 572.879 -6449.63
1166 -6212.53 581.095 -6422.06
1167 -6666.96 581.272 -6344
1168 -7161.34 580.706 -6259.85
1169 -7782.25 576.962 -6158.14
1170 -8487.36 571.474 -6044.29
1171 -9518.93 557.431 -5876.52
1172 -10449.1 546.634 -5727.1
1173 -16877.3 399.52 -4698.46
1174 -17263.9 402.024 -4644.79
1175 -17530.5 407.879 -4612.26
1176 -17815.4 408.439 -4843.11
1177 -18038.5 408.782 -5164.77
1178 -18171.9 411.649 -5521.7
1179 -18285.2 411.086 -6119.08
1180 -18197.4 415.849 -6698.19
1181 -18127 420.347 -7265.89
1182 -17882.1 439.163 -7291.99
1183 -17482.8 432.344 -8183.87
1184 -17041.9 424.696 -9147.02
1185 -16292.7 436.222 -9845.62
1186 -15165.8 462.345 -10453.9
1187 -13859 500.573 -10846
1188 -12792.5 534.04 -11142.7
1189 -11587.3 568.429 -11552.5
1190 -10356 593.854 -12869.6
1191 -9109.75 620.025 -14195.7
1192 -7799.02 647.252 -15592.3
1193 -6520.18 673.8 -16995.4
1194 -14922.2 546.303 -12807.4
1195 -14923 558.818 -12807.6
1196 -14250.6 550.132 -12251.9
1197 -13670.1 541.599 -11709.5
1198 -12632.6 518.377 -10781.9
1199 -11758.3 501.762 -10040.9
1200 -10939.9 487.545 -9356.48
1201 -9763.31 459.864 -8329.99
1202 -8598.31 432.211 -7297.73
1203 -7833.83 418.191 -6616.31
1204 -7113.4 405.091 -5953.82
1205 -7171.19 414.823 -5885.08
1206 -7217.81 426.085 -5863.57
1207 -7408.29 433.545 -5771.98
1208 -7525.8 442.372 -5690.4
1209 -7663.51 451.922 -5801.51
1210 -7897.68 458.793 -5871.25
1211 -7976.32 470.302 -6039.24
1212 -8001.6 481.976 -6044.05
1213 -8107.15 491.547 -6064.96
1214 -8202.93 501.484 -6068.55
1215 -8424.57 507.72 -6026.1
1216 -8926.31 506.572 -5940.91
1217 -9536.81 503.272 -5844.41
1218 -10506.3 492.537 -5698.83
1219 -11171.3 488.181 -5595.24
1220 -12408.3 468.816 -5392.47
1221 -13549 453.784 -5221.93
1222 -15363.9 422.656 -4940.46
1223 -15740.6 425.862 -4881.42
1224 -15943 433.168 -4854.7
1225 -15849.3 447.265 -4883.6
1226 -15875.1 461.297 -4773.91
1227 -15848.3 477.958 -4582.85
1228 -15817.7 494.711 -4385.74
1229 -15966.7 505.632 -4222.4
1230 -16039.2 518.825 -4058.15
1231 -16157.2 530.241 -3928.87
1232 -16164.5 543.314 -3881.06
1233 -16119.5 559.923 -3742
1234 -16167.8 564.858 -4017.86
1235 -16205.1 569.164 -4329.54
1236 -16307.6 571.954 -4618.85
1237 -16447.8 570.925 -5023.89
1238 -16529.3 570.103 -5493.03
1239 -15879.1 580.661 -6289.98
1240 -15307.3 508.344 -7964.03
1241 -14678.8 440.053 -9663.94
1242 -13792.8 474.99 -10463.5
1243 -12494.2 520.476 -11630.8
1244 -11491.4 528.151 -11147.9
1245 -10458.2 534.009 -10638.6
1246 -9453.41 538.661 -10118.2
1247 -8117.72 539.069 -9398.82
1248 -6964.31 537.888 -8747.16
1249 -5901.42 535.987 -8134.67
1250 -4906.37 534.214 -7546.65
1251 -3937.51 531.785 -6947.59
1252 -2995.76 529.289 -6349.14
1253 -2149.66 528.125 -5814.31
1254 -1612.43 554.311 -5780.57
1255 -1228.84 576.968 -5732.91
1256 -681.54 604.086 -5650.28
1257 -226.502 628.906 -5587.66
1258 92.3052 649.801 -5577.43
1259 467.561 672.685 -5610.18
1260 1223.13 707.358 -5805.29
1261 1802.9 736.713 -5944.68
1262 2473.69 769.041 -6106.78
1263 2946.7 794.55 -6209.64
1264 3410.93 819.554 -6289.93
1265 3574 836.329 -6315.17
1266 3582.76 848.46 -6326.11
1267 3745.01 864.982 -6339.32
1268 3728.47 877.801 -6295.05
1269 3735.86 887.512 -6452.5
1270 3693.16 899.228 -6427.49
1271 2833.15 898.558 -6050.99
1272 1647.87 893.091 -5538.65
1273 -3213.92 830.709 -3446.35
1274 -3851.89 832.972 -3159.48
1275 -4258.14 837.36 -2984.55
1276 -4637.31 841.515 -2825.89
1277 -5068.2 843.661 -2651.56
1278 -5551.25 844.654 -2458.31
1279 -6054.39 844.99 -2258.95
1280 -6611.71 843.903 -2036.78
1281 -7274.67 841.232 -1785.24
1282 -8069.93 836.145 -1486.8
1283 -9085.47 826.933 -1115.99
1284 -10099.8 817.465 -747.917
1285 -11133.7 807.36 -372.08
1286 -11870 804.66 -111.858
1287 -12375.4 806.042 48.5528
1288 -12803.2 799.549 -230.457
1289 -13019.4 796.087 -644.549
1290 -13204 794.381 -1003.45
1291 -13272.6 790.474 -1382.01
1292 -11678.8 879.129 -1728.07
1293 -11681.5 891.149 -1736.84
1294 -11197.7 887.077 -1846.18
1295 -10717.1 881.606 -1970.42
1296 -10156.7 874.638 -2052
1297 -9645.9 871.832 -2018.17
1298 -9011.5 865.222 -1948.56
1299 -8167.7 852.856 -1809.14
1300 -7437.78 843.744 -1659.77
1301 -6602.95 830.598 -1474.06
1302 -5470.52 810.235 -1177.92
1303 -5450.19 821.122 -1199.75
1304 -4885.35 810.412 -1641.25
1305 -4413.64 803.45 -2000.06
1306 -3838.56 792.506 -2430.67
1307 -3276.35 781.91 -2864.25
1308 -2794.12 774.892 -3235.8
1309 -2232.38 765.042 -3663.55
1310 -1536.7 749.616 -4196.14
1311 -790.049 732.127 -4774.79
1312 -196.321 747.587 -5024.72
1313 318.118 764.762 -5226.48
1314 568.636 779.492 -5324.57
1315 725.921 794.909 -5366.22
1316 768.101 806.48 -5405.26
1317 772.61 818.638 -5404.93
1318 999.067 836.67 -5296.57
1319 744.678 845.281 -5173.08
1320 423.822 852.836 -5032.38
1321 -566.896 850.106 -4603.53
1322 -1885.3 843.461 -4042.47
1323 -2566.93 842.502 -3740.72
1324 -2935.93 848.134 -3575.84
1325 -3149.19 862.791 -3444.43
1326 -3439.1 879.229 -3256.99
1327 -3750.9 896.439 -3051.55
1328 -4061.23 913.473 -2848.95
1329 -4396.02 920.047 -2697.28
1330 -4975.06 910.027 -2520.93
1331 -5575.62 905.022 -2311.13
1332 -6336.94 893.153 -2059.23
1333 -7330.86 868.119 -1749.79
1334 -8497.41 816.584 -1445.97
1335 -9443.26 819.867 -1068.31
1336 -10155.6 824.302 -786.97
1337 -10446.6 833.15 -676.254
1338 -10452.5 851.059 -446.761
1339 -10695.4 865.283 -149.768
1340 -10799.2 875.944 -120.405
1341 -11210.7 871.837 -322.045
1342 -11004.7 885.856 289.617
1343 -10960.3 898.353 439.587
1344 -10857 910.443 710.213
1345 -10673.1 922.576 1143.9
1346 -10506.1 934.86 1531.07
1347 -10319 946.896 1993.11
1348 -10120 959.418 2475.98
1349 -9835.67 971.589 3167.39
1350 -9587.52 983.182 3770.14
1351 -9206.4 994.609 4732.52
1352 -9068.4 1006.67 5068.37
1353 -8768.4 1019.38 5748.83
1354 -8450.23 1032.46 6489.05
1355 -7836.38 1032.85 6960.07
1356 -6992.74 1029.29 7599.3
1357 -6448.48 1031.6 8012.15
1358 -5997.85 1035.95 8348.21
1359 -5377.89 1037.4 8806.63
1360 -4808.3 1039.38 9236.18
1361 -4815.69 1051.48 9249.56
1362 -4812.37 1062.89 9231.77
1363 -4803 1067.8 8973.86
1364 -4787.64 1076.76 8868.85
1365 -4790.11 1088.41 8863.71
1366 -4821.96 1097.56 8787.77
1367 -4930.38 1105.51 8684.15
1368 -4933.94 1117.08 8676
1369 -4993.37 1121.16 8487.34
1370 -5048.23 1125.34 8310.03
1371 -5069.78 1134.11 8231.78
1372 -5091.84 1142.23 8145.38
1373 -5130.2 1150.9 8075.19
1374 -5123.99 1162.98 8076.67
1375 -4819.18 1170.16 7872.44
1376 -4655.77 1179.39 7760.93
1377 -900.634 1150.12 6046.12
1378 -900.864 1159.53 5944.75
1379 -914.451 1168.99 5830.6
1380 -907.081 1179.96 5733.51
1381 -891.649 1190.55 5623.32
1382 -849.282 1201.7 5463.63
1383 -892.385 1210.62 5361.9
1384 -995.306 1216.89 5274.52
1385 -1076.3 1219.75 5060.52
1386 -1262.28 1220.93 4868.78
1387 -1368.14 1224.46 4697.2
1388 -1537.05 1227.24 4529.66
1389 -1665.47 1232.32 4419.51
1390 -1758.47 1240.12 4356.1
1391 -1921.75 1245.31 4285.97
1392 -2106.66 1249.35 4214.58
1393 -2377.23 1248.98 4155.53
1394 -2808.49 1236.97 4269.02
1395 -3087.1 1230.42 4479.24
1396 -3460.31 1217.78 4777.46
1397 -3800.15 1205.43 5153.59
1398 -3928.68 1206.05 5394.06
1399 -4046.59 1205.02 5731.35
1400 -4111.12 1204.67 6150.54
1401 -4214.59 1206.5 6384.82
1402 -4333.22 1206.71 6661.45
1403 -4564.37 1201.11 6962.61
1404 -4460.87 1217.79 6979.19
1405 -4054.27 1183.95 7660.82
1406 -3594.64 1164.71 8237.26
1407 -3107.57 1138.16 8897.97
1408 -2750.73 1112.6 9471.11
1409 -2309.69 1063.43 10326.7
1410 -2091.88 1078.12 10430.3
1411 -1930.82 1084.36 10139.1
1412 -1940.98 1091.43 9960.37
1413 -2032.25 1099.17 9827.72
1414 -2001.07 1104.01 9594.07
1415 -1992.45 1113.08 9514.02
1416 -2044.02 1112.37 9199.9
1417 -2023.86 1113.16 8927.72
1418 -2092.94 1110.08 8574.99
1419 -2086.51 1109.84 8300.35
1420 -2167.44 1103.1 7883.81
1421 -2118.2 1099.84 7541.76
1422 -2148.18 1104.25 7383.72
1423 -2361.89 1092.91 6911.32
1424 -2147.87 1100.03 6824.66
1425 -1778.39 1103.54 6669.04
1426 -1514.64 1109.67 6564.1
1427 -1435.87 1124.68 6494.12
1428 -1431.17 1136.13 6483.93
1429 -1445.46 1146.77 6467.9
1430 -1451.4 1157.64 6450.21
1431 -1455.69 1165.88 6337.23
1432 -1452.66 1177.76 6334.64
1433 -1453.74 1189.04 6326.62
1434 -1449.49 1200.77 6326.76
1435 -1445.74 1211.91 6272.93
1436 -1442.27 1223.36 6286.32
1437 -1437.45 1234.59 6246.06
1438 -1427.16 1245.88 6190.51
1439 -1439.67 1256.8 6191
1440 -1376.48 1270.69 6192.77
1441 -1302.82 1284.98 6201.2
1442 -1271.52 1297.43 6202.07
1443 -1276.68 1308.66 6202.48
1444 -1323.71 1316.99 6224.96
1445 -1455.88 1319.89 6281.37
1446 -1530.81 1326.41 6316.23
1447 -1564.04 1335.59 6336.77
1448 -1732.68 1334.41 6468.11
1449 -1805.46 1339.41 6544.57
1450 -1843.06 1346.69 6662.86
1451 -1927.2 1348.24 6964.5
1452 -1951.5 1357.74 7008.81
1453 -1953.34 1368.98 7004.6
1454 -1360.81 1339.82 7747.84
1455 -751.582 1309.78 8512.5
1456 -260.355 1286.84 9138.89
1457 218.401 1261.27 9780.57
1458 580.391 1231.38 10396.2
1459 958.765 1146.04 11554.4
1460 955.906 1157.22 11553.2
1461 1008.28 1168.72 11528.5
1462 1012.22 1179.94 11513
1463 1027.52 1191.33 11502.2
1464 1030.83 1197.2 11325.7
1465 1009.63 1200.39 11096.8
1466 1103.69 1202.65 10849
1467 1150.42 1206.79 10658.4
1468 1116.27 1210.71 10487.2
1469 1068.65 1210.54 10233.8
1470 1016.41 1210.53 9985.18
1471 1028.18 1208.32 9690.66
1472 1056.22 1203.46 9340.41
1473 1286.12 1205.85 9152.3
1474 1439.8 1200.45 8820.79
1475 1515.18 1193.66 8462.38
1476 1553.16 1205.77 8478
1477 1563.12 1217.26 8481.76
1478 1552.03 1224.53 8364.12
1479 1590.69 1230.6 8206.17
1480 1575.13 1236.52 8036.41
1481 1640.68 1240.84 7782.71
1482 1621.46 1248.89 7688.35
1483 1598.49 1255.71 7535.89
1484 1589.59 1265.97 7490.9
1485 1571.2 1277.38 7549.28
1486 1567.7 1288.85 7549.95
1487 1532.38 1299.14 7603.61
1488 1529.91 1310.29 7602.4
1489 1331.99 1310.28 7686.25
1490 1141.29 1302.66 7937.21
1491 937.02 1294.76 8183.4
1492 737.024 1290.69 8345.74
1493 601.557 1289.09 8497.42
1494 354.009 1279.91 8695.61
1495 108.616 1265.7 9003.5
1496 -50.1139 1250.31 9430.95
1497 -136.394 1238.52 9860.12
1498 -237.811 1229.19 10227.9
1499 -46.9001 1230.45 10623.1
1500 121.228 1231.71 10991
1501 91.2398 1238.65 11102.9
1502 -68.9215 1233.75 11480.7
1503 -57.6788 1244.34 11479.7
1504 1778.74 1125.43 11431.1
1505 2095.35 1114.64 11419.3
1506 2271.97 1115.45 11404.7
1507 2390.34 1122.8 11383.6
1508 2487.59 1134.99 11351.8
1509 2567.47 1146.65 11322.4
1510 2649.95 1157.73 11286.9
1511 2709.42 1168.94 11255.9
1512 2767.95 1180.07 11219.9
1513 2823.78 1190.72 11179.7
1514 2878.89 1200.44 11135.4
1515 2923.86 1210.16 11092.8
1516 2963.46 1219.68 11050.6
1517 3000.19 1228.75 11006.4
1518 3030.4 1237.83 10964.1
1519 3056.87 1246.79 10921.6
1520 3081.67 1255.55 10874.9
1521 3101 1264.65 10831.8
1522 3115.47 1273.5 10791.8
1523 3126.92 1282.2 10751.3
1524 3134.64 1290.83 10709.9
1525 3141.71 1299.84 10670.2
1526 3149.28 1309.84 10629.1
1527 3148.51 1319.35 10594.7
1528 3145.28 1329.1 10561.6
1529 3140.35 1338.84 10530.7
1530 3135.96 1348.43 10492.9
1531 3124.9 1357.8 10459.6
1532 3111.23 1367.11 10427.9
1533 3098.07 1376.74 10392.8
1534 3081.09 1386.01 10361.7
1535 3061.65 1395.52 10335.5
1536 3030.66 1404.11 10301.1
1537 3007.36 1413.43 10272.1
1538 2970.46 1421.68 10229.2
1539 2938.57 1429.72 10201.2
1540 2875.5 1434.94 10177.8
1541 2823.6 1441.44 10148.4
1542 2758.44 1447.04 10108.7
1543 2697.64 1452.77 10083.6
1544 2636.58 1458.4 10071.9
1545 2587.38 1464.58 10063.9
1546 2496.69 1466.98 10056.9
1547 2443.37 1471.78 10072.7
1548 2404.81 1478.25 10079.9
1549 2409.6 1466.07 10410.5
1550 2210.49 1454.76 10483.6
1551 2013.2 1444.58 10565.9
1552 1733.08 1424.97 10687.5
1553 1889.77 1191.09 11226.6
1554 2120.5 1138.4 11328.2
1555 2284.01 1127.03 11345.7
1556 2396.48 1128.28 11341.2
1557 2485.69 1135.26 11323.9
1558 2562.51 1143.33 11303.2
1559 2633.54 1151.1 11280.4
1560 2691.61 1160.15 11255.7
1561 2741.99 1168.75 11230.6
1562 2787.55 1178.67 11200.7
1563 2833.61 1187 11167.3
1564 2873.46 1196.8 11132.7
1565 2909.53 1205.25 11096.9
1566 2942.11 1213.43 11059.4
1567 2969.86 1220.7 11022.1
1568 2994.37 1228.98 10984.6
1569 3015.85 1237.82 10947.4
1570 3035.26 1246.84 10909.4
1571 3050.01 1255.47 10872.8
1572 3061.23 1263.63 10835
1573 3068.61 1272.03 10800.7
1574 3072.62 1280.28 10768.4
1575 3074.57 1288.92 10736.5
1576 3073.08 1297.58 10705.4
1577 3069.68 1306.57 10676.7
1578 3062.89 1315.34 10649.9
1579 3052.74 1323.87 10623.3
1580 3040.21 1332.46 10597.5
1581 3023.89 1340.68 10574.9
1582 3006.8 1349.08 10553
1583 2986.76 1357.32 10530.4
1584 2964.67 1365.34 10511.6
1585 2940.31 1373.25 10496.3
1586 2911.71 1381.1 10477
1587 2881.8 1388.16 10463.5
1588 2850.68 1395.33 10450.4
1589 2813.69 1401.92 10435.9
1590 2779.16 1409.16 10424.7
1591 2736.45 1415.35 10414.1
1592 2690.36 1420.49 10409.4
1593 2642.61 1426.43 10404.5
1594 2587.94 1430.63 10405.9
1595 2527.31 1434.47 10410.1
1596 2459.98 1437.78 10417.6
1597 2375.75 1438.84 10435.2
1598 2293.83 1437.37 10464.2
1599 2177.63 1428.83 10520.6
1600 2061.71 1386.42 10662.1
1601 1977.32 1328.18 10836.9
1602 2001.71 1219.21 11108.2
1603 2170.12 1154.86 11248.8
1604 2314.25 1136.48 11285.7
1605 2417.24 1133.99 11292.2
1606 2496.65 1135.95 11289.9
1607 2566.71 1142.28 11276.3
1608 2627.04 1147.22 11264.9
1609 2678.94 1154.46 11248.1
1610 2725.35 1162.14 11228.2
1611 2767.32 1169.58 11206.6
1612 2807 1177.24 11180.8
1613 2843.59 1185.05 11152.9
1614 2877.26 1192.27 11123.7
1615 2907.59 1200.23 11091.5
1616 2934.65 1207.08 11058.3
1617 2958.39 1213.91 11024.5
1618 2979.67 1220.49 10989.3
1619 2997.98 1227.87 10954.5
1620 3013.84 1236.57 10920.5
1621 3026.43 1244.95 10886.7
1622 3034.88 1252.31 10853.4
1623 3041.12 1260.34 10820.1
1624 3043.52 1267.7 10788.3
1625 3043.76 1275.58 10759.1
1626 3040.88 1283.83 10731.1
1627 3034.39 1291.4 10704.1
1628 3025.56 1298.97 10678.7
1629 3015 1307.19 10654.1
1630 3003.24 1315.58 10632.4
1631 2985.86 1322.99 10608.4
1632 2968.05 1330.78 10586.8
1633 2946.56 1338.08 10567.2
1634 2921.54 1344.94 10550.7
1635 2898.55 1352.72 10535.8
1636 2869.41 1358.91 10522.5
1637 2838.49 1364.96 10509.9
1638 2805.29 1370.88 10497.2
1639 2769.62 1376.61 10488
1640 2728.01 1382.52 10478.2
1641 2686.19 1386.95 10473.2
1642 2640.16 1391.14 10471
1643 2588.73 1393.85 10474.2
1644 2533.03 1394.76 10484
1645 2470.19 1394.73 10496.7
1646 2402.44 1391.73 10520.7
1647 2323.79 1382.77 10564.5
1648 2239.48 1365.28 10632.8
1649 2162.23 1334.3 10738.4
1650 2123.74 1283.49 10886.1
1651 2143.69 1226.4 11038.2
1652 2235.31 1170.71 11172.7
1653 2352.38 1147.64 11225.3
1654 2436.84 1140.46 11245
1655 2508.74 1140.1 11249.8
1656 2575.01 1142.2 11247.3
1657 2627.07 1146.05 11240.9
1658 2674.85 1150.66 11232.1
1659 2716.7 1156.32 11219.3
1660 2756.63 1162.59 11202.4
1661 2789.39 1170.01 11183.5
1662 2822.88 1176.48 11161.9
1663 2852.62 1182.73 11139.3
1664 2881.17 1189.13 11113.2
1665 2907.21 1195.56 11084.7
1666 2930.65 1201.35 11054.8
1667 2950.99 1207.25 11023.6
1668 2969.92 1212.56 10990.5
1669 2985.25 1219.49 10959.1
1670 2998.49 1226.56 10926.9
1671 3008.92 1234.22 10896
1672 3016.61 1241.89 10865.1
1673 3021.11 1249.42 10833.8
1674 3021.94 1256.07 10805
1675 3019.86 1262.88 10777.5
1676 3015.7 1270.25 10751.7
1677 3008.33 1276.67 10726.1
1678 2999.88 1284.28 10703.9
1679 2988.03 1291.61 10681.5
1680 2973.3 1298.49 10660.7
1681 2955.5 1305.29 10640.9
1682 2936.45 1312.07 10623
1683 2914.1 1318.6 10605.5
1684 2889.48 1324.58 10591.5
1685 2863.03 1330.74 10577.6
1686 2834.69 1336.25 10565.5
1687 2802.03 1341.07 10554.2
1688 2770 1345.42 10546.8
1689 2731.42 1349.74 10539.9
1690 2691.46 1353.81 10535.4
1691 2647.34 1355.87 10536.1
1692 2600.86 1357.3 10541.1
1693 2549.36 1355.76 10553.4
1694 2492.95 1353.47 10570.2
1695 2433.74 1348.52 10596
1696 2373.72 1337.61 10640.6
1697 2314.28 1320.37 10702.3
1698 2261.49 1294.13 10789.3
1699 2235.75 1260.26 10893.7
1700 2255.77 1218.51 11009
1701 2313.26 1178.57 11112.5
1702 2393.64 1157.4 11167
1703 2466.21 1147.88 11193.6
1704 2528.98 1143.76 11208.7
1705 2584.51 1145.1 11210.7
1706 2632.75 1147.07 11211.4
1707 2674.89 1149.19 11210.5
1708 2711.66 1153.77 11203.5
1709 2748.59 1157.69 11192.8
1710 2779.92 1163.6 11178.3
1711 2808.54 1169.03 11163.3
1712 2837.45 1175.43 11143
1713 2863.37 1180.36 11123.4
1714 2887.07 1185.83 11100.9
1715 2909.36 1190.79 11075.6
1716 2929.51 1196.18 11047.8
1717 2947.66 1200.55 11018.9
1718 2963.26 1205.41 10989.3
1719 2976.57 1211.77 10959.8
1720 2987.35 1217.52 10930
1721 2995.45 1224.44 10902.1
1722 3001.2 1231.52 10873.8
1723 3004.34 1238.19 10845
1724 3004.07 1244.49 10818.9
1725 3000.23 1250.2 10793.6
1726 2995.25 1256.96 10769.5
1727 2987.49 1263.32 10746
1728 2976.78 1269.19 10726.5
1729 2963.54 1275.6 10706.6
1730 2947.98 1282 10688.4
1731 2930.73 1288.14 10671
1732 2910.43 1293.78 10654.9
1733 2888.53 1299.03 10641.9
1734 2863.9 1304.49 10628.9
1735 2835.86 1308.56 10618.6
1736 2807.32 1312.26 10610.3
1737 2775.84 1315.66 10603.2
1738 2739.44 1318.96 10596.7
1739 2704.61 1321.73 10594
1740 2664.47 1323.8 10593
1741 2620.52 1323.14 10600.4
1742 2573.95 1320.78 10614
1743 2526.24 1316.35 10634.4
1744 2476.52 1308.88 10663.5
1745 2429.55 1296.98 10706.3
1746 2383.7 1281.88 10759.7
1747 2350.13 1259.53 10832.5
1748 2339.85 1232.31 10916.2
1749 2351.48 1208.3 10990.4
1750 2382.74 1181.2 11067.2
1751 2441.05 1162.83 11118.5
1752 2499.93 1152.51 11150.6
1753 2551.71 1148.28 11167.3
1754 2596.36 1146.83 11178.8
1755 2640.61 1146.91 11184.5
1756 2676.31 1148.2 11188
1757 2710.48 1152.12 11184.3
1758 2741.09 1155.42 11179.2
1759 2770.94 1159.88 11169.6
1760 2796.82 1165.4 11157.6
1761 2823.68 1169.88 11143
1762 2848.88 1174.2 11126.1
1763 2872.14 1178.32 11107.9
1764 2892.63 1181.89 11088.9
1765 2910.98 1186.82 11066.5
1766 2928.65 1191.39 11040.3
1767 2943.92 1195.09 11014.4
1768 2957.39 1199.46 10987.1
1769 2968.87 1204.77 10959.9
1770 2977.74 1210.27 10932.9
1771 2984.25 1215.82 10906.7
1772 2988.59 1221.56 10881.1
1773 2990.46 1227.7 10855.8
1774 2988.86 1233.32 10830.8
1775 2984.13 1238.89 10808.7
1776 2977.93 1244.79 10787.9
1777 2969.08 1250.24 10766.7
1778 2957.46 1255.31 10748.7
1779 2944.49 1261.11 10731.7
1780 2927.78 1266.01 10715
1781 2910.45 1271.23 10700.3
1782 2889.44 1275.58 10688.6
1783 2867.69 1280.32 10676.4
1784 2841.67 1283.49 10667.7
1785 2815.61 1287.07 10659.2
1786 2786.95 1289.56 10653
1787 2756.71 1291.84 10648.6
1788 2721.75 1292.26 10647.8
1789 2686.33 1292.21 10651.3
1790 2650.31 1290.61 10659.7
1791 2609.21 1287.12 10674.3
1792 2568.96 1283.44 10690.9
1793 2526.01 1276.41 10717
1794 2487.32 1264.68 10755.5
1795 2456.81 1252.41 10799.6
1796 2432.66 1235.12 10857
1797 2422.68 1217.79 10916.1
1798 2436.54 1197.5 10979.1
1799 2458.88 1181.07 11032.1
1800 2494.38 1165.83 11079.1
1801 2536.18 1156.7 11110.4
1802 2577.47 1151.11 11131.7
1803 2616.18 1148.72 11145.6
1804 2650.47 1148.98 11153.7
1805 2682.71 1149.85 11159.5
1806 2712.35 1151.64 11162
1807 2739.17 1155.28 11159.6
1808 2765.13 1158.43 11154.8
1809 2790.26 1161.95 11147.8
1810 2812.95 1166.43 11137.1
1811 2836.38 1170.34 11124.3
1812 2858.8 1172.78 11110
1813 2879.01 1175.39 11094.1
1814 2896.71 1178.52 11076.8
1815 2912.7 1182.99 11056.3
1816 2927.42 1186.64 11033.3
1817 2940.83 1189.25 11009.1
1818 2951.9 1194.21 10984.6
1819 2961.08 1198.75 10960.6
1820 2968.54 1202.88 10936
1821 2973.8 1207.92 10911.7
1822 2976.58 1213.19 10889.1
1823 2977.13 1218.56 10867
1824 2974.7 1223.7 10845.4
1825 2968.97 1227.93 10825.4
1826 2961.12 1232.26 10806.5
1827 2952.57 1237.41 10789.4
1828 2941.07 1242.08 10773.4
1829 2928.28 1246.81 10758.6
1830 2911.59 1250.76 10745.6
1831 2892.93 1254.65 10734.7
1832 2873.07 1258.38 10724.4
1833 2852.14 1261.22 10717.5
1834 2827.38 1263.86 10709.5
1835 2801.47 1265.6 10704.6
1836 2772.36 1265.9 10701.5
1837 2743.82 1266.11 10702.2
1838 2713.04 1265.53 10704.7
1839 2681.8 1263.79 10712.1
1840 2646.51 1259.84 10724.9
1841 2613.1 1254.89 10742.6
1842 2580.78 1249.3 10763.6
1843 2552.33 1239.54 10796.5
1844 2527.07 1230.56 10830.8
1845 2510.47 1218.06 10875.1
1846 2501.12 1205.51 10920.9
1847 2504.04 1193.23 10964.9
1848 2520.68 1181.4 11007
1849 2543.8 1172.13 11041.1
1850 2573.04 1163.56 11071.2
1851 2606.07 1157.27 11094.9
1852 2637.28 1153.14 11112.7
1853 2664.51 1151.64 11124
1854 2693.08 1151.67 11131.9
1855 2717.37 1152.3 11138.4
1856 2740.03 1155.48 11139.5
1857 2762.01 1158.94 11137.7
1858 2784.89 1161.39 11133.8
1859 2806.51 1164.62 11126.5
1860 2826.16 1168.09 11117.5
1861 2847.51 1169.35 11107.2
1862 2867.39 1170.79 11094.7
1863 2884.25 1173.77 11080.4
1864 2899.46 1176.64 11064.9
1865 2912.97 1179.33 11047.3
1866 2925.3 1182.21 11026.9
1867 2936.71 1184.88 11004.3
1868 2946.2 1189.45 10982.5
1869 2954.1 1193.19 10960.3
1870 2959.81 1197.48 10939
1871 2963.19 1201.83 10918.6
1872 2965.01 1206.07 10898
1873 2964.02 1210.59 10880
1874 2960.6 1215.05 10862.6
1875 2955.56 1219.38 10845.5
1876 2948.45 1223.53 10829.7
1877 2938.93 1227.59 10815
1878 2927.42 1231.35 10801.1
1879 2915.23 1235.29 10789.8
1880 2899.92 1238.2 10781.5
1881 2885 1242.11 10774.4
1882 2866.99 1244.68 10768.6
1883 2846.19 1246.67 10763
1884 2825.08 1247.86 10760.6
1885 2800.36 1247.73 10758.5
1886 2772.26 1246.75 10757.4
1887 2748.85 1246.75 10760.1
1888 2722.62 1244.47 10767.7
1889 2696.54 1241.77 10777.9
1890 2671.05 1237.25 10794.5
1891 2645.71 1233.02 10811.1
1892 2622.13 1227.09 10833.4
1893 2602.35 1221.18 10857.6
1894 2590.24 1213.88 10888.2
1895 2579.82 1206.92 10918
1896 2572.67 1201.12 10946.1
1897 2573.28 1192.21 10978.8
1898 2586.85 1184.23 11009.3
1899 2605.93 1175.55 11038
1900 2627.07 1168.91 11060.8
1901 2651.47 1163.72 11079.3
1902 2674.41 1159.82 11094.4
1903 2697.33 1158.82 11104.6
1904 2719.74 1158.64 11112.6
1905 2739.05 1159.86 11117.8
1906 2759.23 1161.75 11119.2
1907 2778.74 1163.85 11118
1908 2799.06 1165.85 11114.1
1909 2817.91 1168.46 11107.5
1910 2837.67 1168.82 11100
1911 2856.39 1169.33 11090.8
1912 2873.37 1170.1 11080.3
1913 2887.79 1172.3 11068.2
1914 2900.79 1173.68 11054.6
1915 2911.99 1176.57 11038.9
1916 2922.27 1179.48 11020.7
1917 2931.34 1182.43 11001.7
1918 2939.02 1185.53 10982.4
1919 2945.01 1189.42 10964
1920 2949.87 1193.95 10945.6
1921 2952.64 1197.86 10927.5
1922 2953.36 1201.98 10911.3
1923 2951.76 1206.12 10897.4
1924 2948.66 1210.27 10883.9
1925 2942.95 1214.07 10872.4
1926 2936.57 1218.14 10860.6
1927 2928.73 1222.09 10850
1928 2919.46 1225.76 10841.1
1929 2909.61 1229.69 10833.4
1930 2901.62 1234.53 10828.6
1931 2891.72 1238.52 10825.8
1932 2878.66 1241.96 10822.9
1933 2863.8 1244.9 10816.9
1934 2843.19 1244.79 10816.8
1935 2824.59 1245.86 10815.4
1936 2805.1 1246.68 10816.8
1937 2785.81 1246.56 10821.3
1938 2763.69 1245.26 10825.8
1939 2741.07 1242.55 10834.3
1940 2719 1238.73 10846.6
1941 2694.88 1234.23 10860.1
1942 2675.51 1229.72 10876.7
1943 2657.99 1224.95 10893.7
1944 2643.12 1219.44 10913.9
1945 2635.1 1216.14 10934.1
1946 2626.95 1211.6 10954.6
1947 2626.33 1203.06 10981.3
1948 2635.51 1195.46 11005
1949 2648.4 1187.21 11027.4
1950 2665.57 1179.78 11047.2
1951 2685.84 1173.16 11064.4
1952 2704.22 1169.45 11077.9
1953 2723.21 1167.74 11088.4
1954 2739.9 1167.37 11095.9
1955 2756.55 1167.67 11100.4
1956 2773.23 1168.98 11101.7
1957 2791.55 1169.96 11100.4
1958 2809.32 1171.97 11095.6
1959 2827.45 1172.28 11090.5
1960 2845.9 1171.05 11083.8
1961 2862.45 1169.76 11076.8
1962 2877.06 1170.25 11067.8
1963 2889.58 1170.79 11057.8
1964 2900.11 1172.83 11045.6
1965 2909.07 1175.08 11032.2
1966 2917.65 1178.06 11016.8
1967 2925.19 1180.67 11000.2
1968 2930.96 1184.31 10985.1
1969 2935.54 1188.15 10969.9
1970 2938.67 1192.17 10956.7
1971 2940.26 1196.11 10942.9
1972 2941.52 1200.73 10930.5
1973 2940.81 1205.44 10920.6
1974 2938.54 1209.75 10912.6
1975 2935.79 1214.42 10904.5
1976 2933.64 1219.42 10898.6
1977 2930.15 1224.17 10893.6
1978 2926.89 1228.79 10885.3
1979 2923.55 1234.07 10884.7
1980 2919.73 1239.07 10882.2
1981 2915.38 1244.03 10877.6
1982 2911.66 1249.04 10876.9
1983 2896.3 1250.87 10872.7
1984 2883.33 1253.32 10870.7
1985 2868.9 1254.74 10872
1986 2852.36 1255.65 10872
1987 2833.97 1254.97 10876.1
1988 2813.73 1253.17 10880.3
1989 2788.18 1248.68 10885.2
1990 2767.13 1244.93 10894.5
1991 2744.97 1240.32 10903.2
1992 2727.19 1235.19 10916.4
1993 2705.82 1227.97 10931.9
1994 2692.92 1220.34 10957.2
1995 2681 1221.18 10960.6
1996 2667.67 1221.97 10962.6
1997 2666 1215.68 10978.4
1998 2673.29 1205.37 10999.5
1999 2687.24 1195.65 11019.6
2000 2702.91 1187.81 11036.2
2001 2719.59 1180.67 11052.2
2002 2733.4 1176.24 11064.4
2003 2746.19 1173.4 11074.7
2004 2758.75 1173.54 11079.9
2005 2773.67 1174.87 11081.4
2006 2788.67 1175.97 11081.5
2007 2805.68 1176.52 11080
2008 2823.06 1175.36 11076.8
2009 2839.36 1173.78 11072.4
2010 2855.64 1170.85 11067.6
2011 2869.48 1169.26 11062.5
2012 2880.41 1169.99 11055.3
2013 2890.35 1170.75 11046.7
2014 2898.48 1172.94 11036.3
2015 2905.26 1175.44 11026.5
2016 2911.98 1178.07 11014.2
2017 2917.03 1181.18 11003.4
2018 2920.78 1185 10993.1
2019 2924.11 1188.98 10983.7
2020 2925.95 1193.13 10975.6
2021 2926.98 1197.01 10967.3
2022 2926.15 1201.2 10960.3
2023 2925.32 1205.73 10957.5
2024 2925.86 1210.66 10956.8
2025 2924.6 1215.55 10957.1
2026 2925.76 1220.99 10958.7
2027 2923.24 1225.85 10959.3
2028 2922.83 1231.22 10963.2
2029 2921.92 1236.32 10967.8
2030 2925.37 1241.7 10971.7
2031 2927.28 1246.59 10974.8
2032 2926.99 1251.35 10977.2
2033 2924.02 1255.74 10975.5
2034 2916.04 1259.08 10971.9
2035 2907.18 1261.89 10968
2036 2893.34 1262.79 10965.3
2037 2875.1 1262.17 10962.8
2038 2857.88 1260.84 10961.8
2039 2836.37 1257.78 10961.4
2040 2814.7 1254.83 10960.6
2041 2792.51 1250.55 10959.8
2042 2771.91 1246.93 10958.3
2043 2750.17 1242.96 10955.5
2044 2728.79 1238.26 10951.6
2045 2708.91 1228.59 10937.9
2046 2694.53 1227.73 10947
2047 2716.27 1209.44 10973.3
2048 2729.58 1198.77 10992.2
2049 2742.34 1188.52 11011.8
2050 2757.15 1179.1 11030.4
2051 2774.48 1171.73 11045.3
2052 2788.94 1165.33 11060.6
2053 2804.2 1159.14 11078
2054 2815.13 1159.71 11084.4
2055 2828.34 1160.87 11091.8
2056 2837.09 1163.16 11097.9
2057 2843.87 1166.56 11099.8
2058 2851.86 1169.49 11101.6
2059 2862.29 1171.77 11105.5
2060 2874.05 1173.41 11108.8
2061 2885.78 1176.77 11114.4
2062 2899.26 1179.8 11116.9
2063 2910.12 1183.25 11116.1
2064 2921.88 1186.91 11112.5
2065 2935.37 1190.38 11107.1
2066 2944.13 1194.44 11104.5
2067 2952.9 1198.1 11093.8
2068 2960.07 1201.65 11083
2069 2967.32 1205.19 11072.4
2070 2975.86 1208.93 11061.4
2071 2984 1212.43 11046.1
2072 2990.73 1215.74 11035.3
2073 2995.97 1219.13 11023.8
2074 3000.23 1222.64 11010.1
2075 3003.68 1226.32 11001.3
2076 3005.51 1229.75 10989.5
2077 3001.94 1233.31 10979.5
2078 3000.43 1236.81 10969.4
2079 2997.73 1240.1 10961
2080 2994.42 1243.78 10952
2081 2987.72 1247.01 10947
2082 2978.96 1250.02 10941.8
2083 2966.47 1252.45 10937.1
2084 2956.29 1254.5 10932.8
2085 2942.16 1256.03 10931.9
2086 2924.72 1255.87 10930
2087 2907.36 1254.21 10928.8
2088 2887.73 1251.25 10927.9
2089 2865.68 1246.48 10927
2090 2842.51 1242.47 10927.7
2091 2820.8 1239.03 10928.3
2092 2797.57 1233.69 10927.3
2093 2778.55 1231.48 10927.6
2094 2757.1 1225.59 10922.5
2095 2740.36 1227.02 10925.9
2096 2758.06 1210.14 10949.3
2097 2774.55 1201.27 10962.6
2098 2792.01 1189.59 10981.5
2099 2810.99 1180.52 10996.1
2100 2831.9 1169.92 11014.1
2101 2852.03 1160.61 11031
2102 2869.14 1152.9 11048.4
2103 2886.31 1152.03 11054.8
2104 2905.98 1152.14 11060
2105 2919.67 1154.12 11062.1
2106 2930.56 1157 11061.1
2107 2939.68 1159.82 11062.3
2108 2951.4 1163.09 11057.2
2109 2968.12 1165.23 11053.5
2110 2984.08 1167.32 11050.8
2111 2992.53 1170.9 11043
2112 3010.41 1173.25 11035.1
2113 3017.08 1177.24 11027.9
2114 3022.38 1180.84 11023.7
2115 3032.14 1183.86 11019
2116 3033.15 1187.53 11011
2117 3039.87 1190.4 10997.9
2118 3041.63 1194.04 10986.4
2119 3045.18 1197.26 10971.8
2120 3046.37 1200.85 10956.5
2121 3051.05 1203.83 10940.2
2122 3052.98 1207.25 10936.2
2123 3048.68 1210.82 10925.3
2124 3050.73 1213.92 10917.5
2125 3047.52 1217.4 10907.9
2126 3040.84 1220.47 10903.1
2127 3036.18 1223.64 10893.8
2128 3029.3 1227.11 10889.4
2129 3027.05 1230.35 10883.7
2130 3023.47 1233.13 10876.9
2131 3016.01 1236.37 10874.6
2132 3007.38 1238.83 10870.9
2133 2998.19 1241.64 10870.2
2134 2992.1 1244.53 10870.6
2135 2977.27 1245.73 10872.3
2136 2960.91 1245.75 10873.6
2137 2942.17 1243.95 10875.8
2138 2924.64 1242.08 10878.5
2139 2901.59 1238.12 10880.8
2140 2883.28 1235.15 10880.8
2141 2863.31 1232.43 10882.8
2142 2841.67 1228.84 10883.7
2143 2821.93 1226.82 10886.3
2144 2805.75 1226.86 10889.7
2145 2802.84 1229.67 10890.4
2146 2838.75 1207.75 10916
2147 2865.34 1194.62 10931.7
2148 2886.79 1180.19 10952.4
2149 2910.61 1166.89 10971
2150 2936.8 1156.16 10985.6
2151 2954.94 1146.37 11002.3
2152 2971.61 1146.98 11001.5
2153 2985.42 1148.41 11000.5
2154 2993.72 1151.57 10993.2
2155 3006.89 1153.53 10991.1
2156 3016.09 1156.66 10983.6
2157 3026.22 1158.85 10979.5
2158 3035.29 1161.86 10971
2159 3037.84 1165.94 10955.7
2160 3046.68 1168.74 10947
2161 3054.31 1171.45 10937.9
2162 3056.49 1174.31 10932.1
2163 3056.24 1177.25 10931.7
2164 3058.72 1180.15 10920
2165 3057.52 1183.33 10911.8
2166 3057.72 1187.03 10894.9
2167 3055.63 1190.64 10874.6
2168 3053.76 1194.53 10856.9
2169 3056.66 1197.32 10838.7
2170 3059.41 1200.12 10812.2
2171 3059.24 1202.81 10812.3
2172 3060.22 1205.31 10803.3
2173 3056.59 1208.38 10791.7
2174 3056.4 1211.27 10791.9
2175 3052.87 1213.89 10780.5
2176 3052.47 1216.75 10782.2
2177 3041.9 1219.13 10774
2178 3042.89 1221.68 10773.8
2179 3040.83 1224.22 10768.5
2180 3037.17 1226.85 10767.6
2181 3036.99 1229.22 10767.4
2182 3032.09 1231.45 10766.8
2183 3024.88 1233.23 10765.2
2184 3020.91 1236.09 10770.6
2185 3012.14 1238.61 10779.8
2186 3011.74 1241.31 10779.8
2187 2994.75 1241.61 10792.8
2188 2983.1 1241.65 10798
2189 2970.44 1243.2 10809.6
2190 2950.62 1238.84 10810
2191 2950.46 1241.29 10809.9
2192 2935.57 1242.11 10820.9
2193 2927.04 1242.42 10819.1
2194 2920.75 1244.34 10827.5
2195 2916.69 1245.89 10831
2196 2956.01 1221.12 10858.7
2197 2981.2 1211.26 10869.5
2198 3006.93 1199.37 10883.2
2199 3039.25 1189.53 10893.3
