0 18.7381 2.74428e-07 98.2287
1 19.0477 2.34636 98.2319
2 18.2645 4.24943 97.2057
3 16.9553 5.93643 96.0247
4 15.7039 7.47018 94.95
5 14.2759 8.79177 93.4729
6 12.6991 10.4151 92.7022
7 12.1447 12.8053 91.7945
8 11.8024 15.1529 91.5687
9 11.7867 17.5693 91.8963
10 12.0189 19.932 92.7783
11 11.0925 22.272 93.3787
12 10.7607 24.6552 94.8896
13 10.1342 26.6638 96.0291
14 10.6361 27.8577 98.6647
15 10.4438 28.8014 101.027
16 10.4263 30.0006 103.271
17 11.4717 31.2296 105.381
18 11.7559 32.3797 108.197
19 11.087 33.6087 110.383
20 10.6158 35.1103 113.082
21 10.3524 35.4769 116.103
22 10.3485 35.9931 119.015
23 9.68216 36.7118 121.701
24 9.11976 37.8483 124.272
25 9.22631 37.7179 127.084
26 8.72303 38.101 129.752
27 7.70635 38.6374 132.233
28 5.93736 38.2599 134.515
29 3.70252 37.5279 136.374
30 2.08577 36.6128 138.233
31 0.63851 35.4922 140.955
32 -1.46014 35.1985 142.846
33 -4.00908 35.0041 144.392
34 -6.69731 34.303 144.741
35 -9.22776 33.7473 144.559
36 -12.1911 33.4362 143.841
37 -14.8441 33.6249 142.271
38 -17.276 33.6987 140.036
39 -19.3684 34.4221 138.991
40 -21.6245 35.2909 137.509
41 -23.7379 36.1132 135.567
42 -26.1266 37.467 134.699
43 -27.8492 39.7701 134.136
44 -28.7622 41.7539 132.047
45 -28.8273 43.6624 129.733
46 -28.5946 45.2068 127.362
47 -27.7892 46.8389 125.093
48 -26.9947 48.6922 122.253
49 -26.0807 49.4068 119.017
50 -24.8419 49.9391 116.306
51 -22.8301 50.6185 113.778
52 -21.2206 52.0923 111.194
53 -19.4488 53.3456 108.856
54 -19.0087 54.0285 105.637
55 -18.5807 55.8779 103.393
56 -18.0951 57.835 101.033
57 -17.3312 59.3829 98.3378
58 -15.6435 59.7423 95.5582
59 -13.2997 60.3309 93.3135
60 -11.2997 59.1895 91.3429
61 -11.0408 57.2146 88.3854
62 -11.1895 54.8902 85.6811
63 -12.2078 53.2296 82.9384
64 -12.9247 51.1842 80.1736
65 -13.3455 49.3818 77.3256
66 -15.3112 47.5888 74.6811
67 -18.3865 47.0965 72.9114
68 -20.2474 46.4104 70.1158
69 -21.3396 45.3961 66.9707
70 -23.2468 45.1578 63.7888
71 -25.6762 44.1653 61.5741
72 -28.5826 43.3443 59.7282
73 -31.9703 43.1717 58.8719
74 -35.1818 42.0134 59.2441
75 -38.7462 40.9857 59.6932
76 -42.0718 40.3578 59.5347
77 -44.7708 38.7254 61.0747
78 -47.127 38.9113 63.9284
79 -50.3841 38.4245 66.3058
80 -52.291 39.298 69.0961
81 -54.5704 39.2599 71.7926
82 -55.7016 39.0618 75.2517
83 -56.9522 38.4381 78.3477
84 -57.6289 37.9638 81.9669
85 -58.3281 37.6535 85.5763
86 -58.2816 38.4763 89.1213
87 -57.1994 39.6079 92.4409
88 -56.4012 41.3847 95.3846
89 -55.0525 43.6407 98.1154
90 -52.5661 45.3709 99.9387
91 -49.7551 48.1635 100.678
92 -47.4975 51.4032 99.4374
93 -44.2148 53.8838 98.5225
94 -41.3342 56.3878 98.3727
95 -37.75 57.2746 96.7377
96 -33.9127 57.6475 96.0028
97 -30.1828 57.0741 95.358
98 -26.5463 56.7601 94.6816
99 -23.7373 54.184 93.5183
100 -20.5141 52.0882 93.6591
101 -17.5234 50.1493 94.5959
102 -15.5292 47.068 94.8281
103 -12.1543 44.8108 94.4037
104 -9.67951 41.4067 93.8208
105 -8.04835 37.7823 93.6266
106 -5.86369 34.6301 92.4712
107 -3.4315 31.8809 90.3463
108 -1.1319 29.2552 88.1278
109 0.511604 25.9611 86.537
110 1.01033 22.2133 84.7306
111 0.638777 18.6416 85.3265
112 -1.08064 15.3594 86.3893
113 -3.32504 12.2864 86.5753
114 -5.85645 9.31926 87.8638
115 -8.71039 7.15611 90.3339
116 -10.3508 4.53809 93.1986
117 -11.4191 1.7633 96.2406
118 -13.1588 -1.16336 98.906
119 -14.8904 -4.47011 100.454
120 -16.9116 -7.33555 102.328
121 -18.2263 -10.6761 104.768
122 -19.2577 -14.6426 107.188
123 -19.2948 -18.0412 109.759
124 -18.5272 -22.271 111.361
125 -17.0396 -25.9531 112.132
126 -16.8218 -30.043 113.286
127 -15.8321 -33.3557 115.512
128 -16.4583 -36.0894 118.676
129 -17.5108 -39.1472 121.51
130 -19.4601 -41.3794 124.716
131 -20.9927 -43.6834 127.893
132 -22.7616 -44.6799 131.72
133 -25.1742 -44.5693 135.665
134 -27.9409 -43.2101 138.824
135 -29.5428 -42.7161 142.995
136 -30.2901 -41.5048 147.412
137 -29.407 -39.2058 151.026
138 -27.9718 -36.1173 153.201
139 -26.9946 -32.1664 154.748
140 -25.3102 -27.9913 155.218
141 -23.0094 -24.3018 155.642
142 -20.2448 -20.7473 156.268
143 -18.5828 -16.655 157.731
144 -16.0768 -13.3036 159.439
145 -12.2133 -10.6451 159.597
146 -9.36881 -7.28424 160.303
147 -7.24752 -3.48775 161.998
148 -4.54447 0.163443 162.278
149 -1.56717 3.47152 163.21
150 1.09707 7.40551 163.224
151 3.55028 10.739 162.034
152 6.35103 14.135 161.891
153 9.1223 18.3467 161.726
154 11.4663 22.1808 160.99
155 14.1868 25.9607 159.201
156 16.3005 29.5925 157.141
157 19.4049 32.0698 154.384
158 21.1435 36.0079 152.309
159 22.8534 39.374 149.496
160 23.157 43.4321 146.991
161 22.781 46.8178 143.99
162 21.9774 51.2398 142.857
163 21.3788 55.4322 141.256
164 20.2761 59.8915 139.972
165 19.5597 64.1611 137.359
166 17.5537 67.9284 135.206
167 15.2138 71.266 132.092
168 13.5679 74.6481 128.925
169 12.3373 78.049 125.58
170 9.41774 79.8376 122.159
171 7.45255 80.7947 117.553
172 4.62935 81.7077 113.6
173 2.70018 82.9692 109.044
174 2.09042 83.82 104.337
175 0.470415 83.8496 99.8595
176 -0.666318 83.9174 94.7094
177 -1.10594 84.0942 89.7615
178 -1.70281 84.615 84.4608
179 -0.954874 84.6855 79.4433
180 0.77216 83.6482 74.8286
181 2.35057 82.1891 70.0265
182 3.61284 80.0336 65.8753
183 3.24719 76.2509 62.4038
184 3.62833 72.1705 58.8407
185 3.93266 67.8215 56.0089
186 5.12678 62.4428 55.4787
187 7.21504 58.1217 57.2149
188 7.95676 54.4301 60.5207
189 6.8024 51.1548 64.424
190 6.10029 48.1446 68.5344
191 5.83942 47.4664 73.5785
192 5.25092 45.7754 78.5465
193 3.32542 45.2443 83.2791
194 1.22526 47.0364 87.8659
195 -1.77943 47.8566 92.2898
196 -4.46327 50.5009 95.7982
197 -8.52098 51.6604 99.1163
198 -13.1904 53.2228 101.537
199 -17.744 54.8627 103.564
200 -21.8578 57.6585 105.332
201 -26.5163 59.1355 103.739
202 -30.6284 61.0431 100.543
203 -35.3001 62.3366 98.4678
204 -38.6787 64.4549 94.6953
205 -41.7874 66.127 90.6393
206 -44.4167 67.3923 86.0639
207 -46.2973 69.3313 81.7704
208 -48.2866 71.3606 76.9124
209 -48.5597 75.2445 72.7996
210 -47.7393 79.2686 69.1294
211 -47.0144 84.5754 67.0484
212 -44.8477 89.4779 65.2717
213 -41.5347 92.4333 61.8949
214 -38.907 95.0776 57.9934
215 -35.9207 99.384 55.4668
216 -33.1168 103.772 52.9178
217 -30.1496 107.047 49.732
218 -26.0057 110.591 47.7198
219 -21.7648 113.778 46.7849
220 -17.0481 116.512 47.0136
221 -11.6828 118.527 47.296
222 -6.26259 120.436 47.1096
223 -1.08799 120.274 49.0543
224 4.02071 118.717 50.9086
225 9.52002 117.292 53.0745
226 14.5344 114.549 54.8292
227 19.3377 112.071 55.6393
228 24.9992 111.49 58.0519
229 30.1609 110.676 60.4069
230 34.4216 108.903 63.504
231 39.3893 105.803 64.5753
232 43.2264 100.909 65.1719
233 46.9751 96.573 66.5703
234 49.8925 91.9798 67.4065
235 53.0407 86.9812 66.7774
236 55.7542 82.0189 67.1334
237 56.6053 76.5852 65.3127
238 55.0854 71.7522 62.2106
239 51.3011 68.6086 59.0273
240 46.8305 66.0272 56.242
241 42.0872 64.3377 53.4453
242 37.5006 60.6987 51.6057
243 32.6139 57.4956 50.9806
244 27.0824 56.473 50.7988
245 20.8202 56.5566 50.6694
246 15.2264 57.8163 50.8794
247 10.2342 58.2725 53.8186
248 5.03902 58.9835 56.8534
249 0.562408 61.0381 60.2965
250 -4.81045 62.783 63.5527
251 -9.84923 63.1621 66.6476
252 -15.5735 64.3409 69.0597
253 -20.8989 65.9557 71.699
254 -25.488 67.0151 75.7972
255 -29.6655 69.5583 79.8884
256 -34.4547 72.1184 82.4559
257 -39.9383 74.1402 85.145
258 -45.1324 76.4844 87.2505
259 -49.7875 78.5393 90.7615
260 -53.7076 81.5115 94.951
261 -56.9922 85.0714 98.2448
262 -60.19 89.6828 100.344
263 -60.6257 94.1336 104.49
264 -60.3548 98.8609 108.477
265 -59.7119 104.905 110.113
266 -55.775 109.581 109.603
267 -51.3804 114.098 108.489
268 -46.8051 116.986 106.027
269 -41.3161 120.298 105.972
270 -34.8752 121.882 106.493
271 -29.1062 121.146 104.508
272 -23.7211 119.545 102.106
273 -18.2637 119.031 98.7272
274 -14.9485 116.642 93.793
275 -12.6697 114.313 88.1663
276 -10.9848 110.75 83.4173
277 -9.55687 109.238 77.4379
278 -9.65354 109.421 70.8949
279 -10.8239 108.083 64.885
280 -13.7426 106.41 59.4058
281 -15.83 103.187 54.2898
282 -18.5637 100.113 49.4851
283 -20.2387 96.4437 44.4239
284 -21.9923 93.4255 39.1036
285 -26.4196 89.5575 35.6575
286 -32.0645 87.5871 34.9693
287 -37.9532 84.9478 37.537
288 -43.2471 82.266 39.092
289 -48.2546 80.4473 42.3945
290 -53.0023 78.2756 46.5296
291 -53.54 77.6876 52.8771
292 -53.2453 75.0041 58.7286
293 -50.9717 73.3238 64.5233
294 -50.2957 73.4567 71.0969
295 -49.4751 76.9081 76.7433
296 -50.3955 80.0018 82.7659
297 -52.371 84.2078 87.272
298 -51.9831 87.658 92.8324
299 -50.2502 92.182 97.7178
300 -48.7838 97.172 102.08
301 -49.2255 102.835 105.823
302 -50.0912 107.653 110.621
303 -53.3193 111.614 115.831
304 -54.4022 117.035 119.65
305 -54.0262 122.328 123.192
306 -52.716 128.084 126.872
307 -51.7097 132.171 131.599
308 -51.0044 137.546 135.547
309 -49.4231 143.505 138.659
310 -48.0924 149.499 140.636
311 -47.8575 156.21 140.291
312 -48.3942 163.025 138.706
313 -49.3053 169.791 139.232
314 -49.4155 176.47 140.207
315 -50.5559 183.422 139.946
316 -51.5967 190.568 140.017
317 -53.0154 197.017 138.765
318 -54.9828 202.884 136.476
319 -55.8143 209.288 133.748
320 -56.573 215.083 130.127
321 -54.8395 219.383 124.733
322 -52.1631 224.018 120.296
323 -50.5617 229.315 116.251
324 -48.6067 235.259 113.368
325 -45.1847 239.672 109.333
326 -42.9001 241.983 103.092
327 -41.4462 243.671 96.2625
328 -40.6052 244.112 88.9493
329 -37.9918 246.841 83.1827
330 -34.703 251.073 78.8135
331 -30.0486 255.858 76.0749
332 -24.1993 260.042 74.8741
333 -18.9955 263.833 71.9274
334 -13.0261 266.118 69.5035
335 -7.14413 270.072 68.6078
336 -1.20876 274.307 66.809
337 6.09135 274.775 65.9609
338 11.7259 270.54 66.3683
339 17.5187 266.69 66.8703
340 20.7584 260.602 69.4683
341 24.3238 255.153 71.9507
342 27.5523 250.011 76.3634
343 28.1503 245.801 82.6266
344 28.0387 241.758 88.8158
345 25.3334 237.692 94.103
346 23.113 233.561 99.2296
347 20.8361 229.121 104.408
348 18.5126 226.209 110.43
349 16.9923 224.555 117.506
350 11.8648 223.257 122.626
351 5.77847 220.65 125.275
352 -1.3838 219.015 126.604
353 -8.33111 217.359 125.688
354 -15.0753 213.702 124.641
355 -21.403 211.418 121.109
356 -27.6535 210.109 117.138
357 -34.2839 209.84 113.598
358 -40.8241 206.499 112.778
359 -47.2131 202.467 113.484
360 -53.9107 199.438 112.472
361 -60.944 198.303 111.435
362 -68.2561 197.526 111.467
363 -75.3754 196.915 109.94
364 -82.9353 197.488 109.816
365 -89.6604 198.261 106.603
366 -96.4248 200.091 103.412
367 -100.438 206.275 101.312
368 -103.216 213.298 99.8551
369 -104.737 219.884 96.4073
370 -108.05 226.27 93.4043
371 -112.242 232.28 91.5317
372 -115.916 238.165 88.0954
373 -118.31 244.892 84.8217
374 -120.399 252.124 82.8615
375 -121.085 259.539 82.9893
376 -120.292 266.557 79.6239
377 -119.522 274.387 79.6216
378 -117.904 281.489 82.1991
379 -114.264 286.651 86.6898
380 -110.586 291.536 91.8396
381 -106.174 295.771 96.3258
382 -101.05 298.637 101.523
383 -95.5522 303.252 105.409
384 -88.3492 304.165 108.73
385 -81.1205 303.866 111.584
386 -74.3643 303.618 114.814
387 -68.2219 300.012 118.561
388 -65.4919 296.182 125.011
389 -63.6075 292.163 131.052
390 -62.7336 288.012 138.078
391 -62.6084 283.85 144.802
392 -64.4404 278.567 150.085
393 -67.4343 274.142 155.87
394 -71.5562 268.431 159.821
395 -75.4094 264.88 165.813
396 -80.9368 264.868 171.449
397 -85.68 263.721 177.409
398 -91.3072 260.683 182.932
399 -97.7894 259.75 187.669
400 -103.682 256.634 192.143
401 -109.478 252.096 195.84
402 -115.864 249.782 199.666
403 -120.861 246.948 205.695
404 -126.668 243.13 209.425
405 -132.859 239.112 212.63
406 -139.53 235.184 212.524
407 -146.714 231.943 210.482
408 -152.105 227.954 206.879
409 -156.67 222.501 203.358
410 -161.032 216.589 200.579
411 -163.047 211.803 194.156
412 -163.303 208.029 187.077
413 -165.233 207.08 178.901
414 -167.849 204.984 171.523
415 -171.957 202.959 164.731
416 -176.962 202.366 158.3
417 -182.608 204.097 153.091
418 -188.172 207.861 149.525
419 -193.326 213.651 146.827
420 -194.123 221.989 145.649
421 -192.224 230.167 145.672
422 -192.61 238.082 147.072
423 -193.925 245.941 149.224
424 -195.945 253.401 152.51
425 -195.373 259.769 157.828
426 -193.244 265.255 163.352
427 -192.39 270.832 169.463
428 -188.889 274.339 175.862
429 -186.686 281.001 180.606
430 -181.961 284.997 186.238
431 -177.522 288.358 192.648
432 -172.425 290.067 199.167
433 -168.556 290.137 206.965
434 -165.286 290.728 214.778
435 -161.832 290.622 222.458
436 -156.833 293.304 228.671
437 -152.97 296.094 235.66
438 -149.091 300.249 241.877
439 -144.626 304.571 247.66
440 -139.747 308.512 253.086
441 -134.92 312.506 258.343
442 -130.196 318.448 261.376
443 -123.961 324.018 263.193
444 -116.472 327.936 261.775
445 -109.78 333.331 262.528
446 -102.69 337.839 261.693
447 -95.65 342.072 261.073
448 -87.6705 344.891 259.032
449 -79.8326 348.007 257.697
450 -73.4434 351.375 252.785
451 -69.4616 353.277 245.054
452 -65.8477 352.203 237.301
453 -61.4598 348.906 231.072
454 -56.1893 345.799 224.531
455 -49.8195 343.672 219.667
456 -45.7395 339.781 212.626
457 -42.0616 335.961 206.055
458 -39.5852 328.281 202.52
459 -37.7056 319.737 202.294
460 -35.1368 311.792 203.273
461 -36.0373 303.659 205.383
462 -37.1755 294.507 205.735
463 -41.6587 287.137 206.132
464 -47.8936 281.561 209.227
465 -55.7358 277.676 210.416
466 -63.5415 274.121 208.839
467 -71.1737 273.511 205.591
468 -79.3859 274.034 202.898
469 -87.5669 274.259 199.506
470 -96.047 273.503 196.341
471 -104.526 276.51 195.482
472 -111.135 281.257 193.354
473 -118.634 284.89 190.991
474 -125.534 290.155 192.037
475 -132.169 295.936 192.452
476 -140.718 297.894 192.289
477 -148.854 301.061 193.839
478 -157.132 303.471 195.947
479 -164.959 305.796 199.304
480 -173.279 306.46 202.606
481 -180.128 305.918 208.791
482 -183.949 306.162 216.355
483 -187.289 306.186 224.806
484 -189.967 305.247 233.52
485 -192.566 303.294 242
486 -194.953 302.163 250.371
487 -196.016 300.449 258.969
488 -197.401 297.745 267.597
489 -197.734 293.826 275.346
490 -198.795 292.565 284.488
491 -196.918 291.074 293.101
492 -194.65 286.897 301.213
493 -189.745 282.188 307.475
494 -183.598 277.745 313.331
495 -176.917 272.742 317.166
496 -168.231 270.269 318.851
497 -159.206 269.76 316.708
498 -151.118 269.759 312.364
499 -143.685 268.659 307.567
500 -135.835 266.505 302.678
501 -132.84 264.007 294.114
502 -130.157 261.384 285.54
503 -131.37 259.738 276.543
504 -135.183 257.324 268.288
505 -138.096 254.27 259.524
506 -140.732 250.946 251.645
507 -143.469 247.452 243.899
508 -148.657 243.098 237.446
509 -154.397 237.851 231.825
510 -155.585 230.619 225.644
511 -155.488 222.384 220.481
512 -153.521 214.215 216.698
513 -149.638 205.859 214.625
514 -148.792 196.809 213.831
515 -146.478 187.754 215.62
516 -142.139 179.411 217.518
517 -137.286 171.881 218.043
518 -133.908 163.715 221.012
519 -127.231 157.671 223.842
520 -121.252 150.703 223.696
521 -116.9 142.21 223.23
522 -111.457 134.218 222.182
523 -105.82 127.064 219.921
524 -99.3042 120.349 218.881
525 -92.4472 114.088 220.66
526 -87.9959 106.422 223.579
527 -87.7641 98.9102 229.314
528 -88.9733 92.9279 236.813
529 -93.5687 85.3626 240.506
530 -98.134 78.9423 245.821
531 -101.361 72.3081 251.946
532 -104.442 65.3849 257.348
533 -108.946 59.7786 263.315
534 -114.163 55.617 269.746
535 -115.906 54.0955 279.231
536 -118.588 50.1846 287.387
537 -119.082 45.3539 296.028
538 -116.085 42.3138 304.582
539 -113.149 37.4331 312.446
540 -110.538 32.2593 319.914
541 -105.538 28.1081 326.784
542 -101.546 26.2741 335.669
543 -95.1854 25.2677 342.871
544 -89.0487 25.309 350.284
545 -82.7759 26.1397 357.487
546 -79.0808 28.5446 366.32
547 -73.9233 33.9917 372.456
548 -72.523 41.4258 377.534
549 -73.0429 50.5411 380.823
550 -71.4227 59.4124 384.348
551 -71.7816 68.1562 388.605
552 -69.0313 76.7944 392.149
553 -68.7128 81.5903 400.755
554 -69.2533 88.618 407.205
555 -68.8786 97.2826 412.6
556 -68.627 105.998 416.866
557 -68.9184 114.944 419.47
558 -68.7248 124.468 422.031
559 -68.5981 134.385 423.858
560 -67.2158 143.71 426.988
561 -65.092 152.961 430.014
562 -64.6648 162.176 427.582
563 -66.4204 171.23 424.874
564 -70.8767 179.468 421.959
565 -78.1813 185.023 417.884
566 -83.8366 190.027 410.853
567 -89.1615 191.37 403.163
568 -95.0589 190.362 395.089
569 -101.292 189.83 387.534
570 -108.102 188.427 380.42
571 -112.925 183.952 373.298
572 -115.761 176.861 366.782
573 -117.118 175.119 357.317
574 -116.381 172.478 347.977
575 -113.747 171.061 338.341
576 -109.654 169.156 329.211
577 -105.084 165.54 320.986
578 -100.243 163.328 312.922
579 -94.8119 162.196 304.656
580 -87.4069 158.574 298.883
581 -82.7771 153.04 291.979
582 -74.2631 149.026 289.059
583 -65.2968 145.872 285.472
584 -56.4544 140.898 285.237
585 -47.1349 137.078 286.924
586 -38.0583 135.083 291.057
587 -30.9986 136.305 297.893
588 -29.04 138.757 307.513
589 -27.9858 139.989 317.315
590 -28.8399 144.979 325.823
591 -34.0017 148.268 334.369
592 -42.0813 150.863 339.976
593 -51.2765 154.371 341.809
594 -59.0334 160.355 340.198
595 -67.3181 165.574 336.925
596 -74.4249 169.477 331.41
597 -82.7953 173.327 326.994
598 -92.5762 176.662 326.338
599 -101.838 179.094 323.095
600 -111.856 181.127 320.872
601 -122.042 183.158 319.701
602 -130.107 184.651 313.855
603 -135.843 186.383 305.831
604 -137.925 189.423 296.333
605 -139.78 194.906 287.754
606 -142.216 202.37 281.524
607 -143.182 209.595 273.961
608 -143.836 217.146 266.974
609 -143.977 225.162 260.176
610 -142.566 231.968 252.527
611 -138.878 237.741 245.161
612 -134.074 245.893 241.375
613 -127.025 253.219 240.045
614 -120.787 260.98 237.59
615 -115.478 269.789 236.488
616 -109.095 278.073 236.812
617 -100.733 284.12 239.344
618 -91.4838 288.575 241.829
619 -83.3608 291.795 247.653
620 -74.8184 291.456 253.351
621 -66.3941 288.029 259.041
622 -56.4915 286.093 261.287
623 -46.2199 285.851 263.581
624 -37.0593 283.208 267.293
625 -28.7302 279.205 271.54
626 -20.7697 273.977 276.148
627 -12.6772 267.631 275.936
628 -6.43728 259.544 275.705
629 -2.45433 250.479 271.84
630 1.19166 240.85 269.937
631 1.80347 230.678 267.38
632 3.0284 220.532 265.178
633 0.68004 210.709 266.722
634 0.997542 200.252 267.378
635 -2.61175 190.404 264.928
636 -9.22304 183.125 262.52
637 -19.0793 179.35 259.271
638 -28.8434 175.574 259.075
639 -39.0446 174.044 257.42
640 -49.2627 172.682 256.552
641 -59.3906 175.318 257.627
642 -69.3706 176.651 255.32
643 -77.9648 180.765 250.505
644 -87.9466 185.034 250.052
645 -97.6104 189.257 249.902
646 -104.355 196.819 253.206
647 -111.537 203.813 256.841
648 -117.172 207.807 264.688
649 -119.999 215.251 272.408
650 -122.049 220.765 281.58
651 -123.395 226.783 290.191
652 -127.038 228.881 300.621
653 -126.87 229.087 311.098
654 -124.607 230.439 321.465
655 -123.899 226.711 331.365
656 -120.797 222.717 340.84
657 -117.136 216.205 348.26
658 -113.193 210.824 356.976
659 -108.218 204.345 363.968
660 -102.646 197.144 369.423
661 -95.5634 189.741 373.177
662 -86.9889 183.449 373.97
663 -80.6938 174.95 371.749
664 -76.9575 169.492 363.176
665 -75.9292 163.237 354.077
666 -73.2188 156.409 346.213
667 -71.1781 149.571 337.302
668 -70.1593 143.568 328.037
669 -75.9838 136.421 322.718
670 -78.4651 129.452 314.808
671 -80.0011 122.891 306.549
672 -84.2272 118.772 297.201
673 -89.1786 112.849 289.441
674 -95.2548 105.569 284.75
675 -98.7721 98.3776 277.092
676 -100.92 91.713 269.241
677 -103.594 85.3198 260.768
678 -106.874 80.1346 251.65
679 -108.253 75.6089 241.71
680 -113.489 70.5972 233.376
681 -117.91 66.7649 224.398
682 -123.017 66.2227 214.721
683 -128.283 68.6466 205.742
684 -131.663 74.4294 197.142
685 -139.797 79.8375 192.743
686 -149.186 85.0857 191.962
687 -158.797 90.0341 190.311
688 -167.119 96.7397 190.964
689 -177.091 99.5961 194.829
690 -185.151 100.463 202.038
691 -190.488 98.7288 211.588
692 -190.514 97.123 223.013
693 -191.808 95.4268 233.92
694 -191.638 93.7523 245.1
695 -190.801 94.6992 256.274
696 -187.362 97.9988 266.748
697 -183.949 98.5698 276.955
698 -183.537 98.0032 288.023
699 -183.277 97.2341 298.754
700 -182.062 94.533 309.271
701 -177.845 95.7728 319.379
702 -171.071 96.5111 327.803
703 -163.637 98.8241 335.991
704 -153.369 100.762 339.891
705 -144.746 105.498 344.99
706 -136.248 111.288 348.981
707 -127.218 117.703 347.427
708 -120.29 126.005 345.599
709 -111.469 131.468 341.34
710 -101.951 134.51 337.905
711 -90.7862 134.436 335.579
712 -79.8915 135.232 332.949
713 -69.2345 134.009 329.069
714 -59.647 131.162 324.694
715 -50.4199 129.249 318.898
716 -40.8641 127.24 314.452
717 -33.5548 125.411 306.367
718 -25.3981 125.505 299.396
719 -16.83 125.02 292.445
720 -10.3653 125.808 283.43
721 -7.54693 126.736 272.636
722 -1.5287 129.256 263.965
723 4.93201 133.629 255.449
724 11.6983 140.425 249.672
725 18.1443 148.15 245.18
726 22.4808 157.58 242.365
727 26.0711 168.387 242.691
728 34.3625 175.979 242.793
729 41.0422 185.239 241.947
730 46.8814 194.929 242.399
731 47.9722 205.804 244.211
732 52.7429 215.831 246.034
733 56.4681 226.587 244.531
734 55.9327 237.225 241.041
735 55.1325 245.542 233.593
736 53.7642 254.848 227.188
737 51.577 263.854 220.927
738 47.7848 272.943 215.111
739 43.3325 281.667 210.213
740 38.6195 291.006 206.378
741 33.6576 300.567 203.034
742 31.1561 311.341 201.043
743 25.1551 319.588 196.209
744 19.5844 329.087 193.861
745 11.0198 335.207 189.804
746 1.81258 341.077 190.855
747 -8.36881 345.382 190.752
748 -18.9931 348.431 192.87
749 -29.8199 346.966 195.711
750 -39.1113 343.88 201.939
751 -50.2736 343.318 202.659
752 -60.1386 339.786 206.483
753 -69.9226 334.645 205.778
754 -79.0449 328.182 208.152
755 -85.0578 318.766 210.344
756 -90.7218 308.859 212.479
757 -92.9101 298.248 214.694
758 -90.3001 286.778 214.247
759 -86.3574 275.737 212.942
760 -83.4936 264.708 213.286
761 -81.9695 253.743 211.734
762 -78.2928 242.958 212.61
763 -78.0543 232.654 208.096
764 -77.3373 221.548 205.659
765 -74.2889 211.1 202.666
766 -71.867 201.535 196.949
767 -68.2394 196.017 187.984
768 -65.4615 190.528 178.541
769 -63.3016 188.921 167.63
770 -59.6109 186.548 156.912
771 -55.2276 186.942 146.095
772 -49.7192 188.212 136.232
773 -46.0718 185.71 125.819
774 -42.1574 183.166 115.322
775 -36.3039 180.302 106.222
776 -31.7974 179.155 95.6538
777 -23.9142 177.849 87.4017
778 -17.0407 181.013 78.8199
779 -9.33361 183.712 70.7986
780 -3.55041 188.328 61.814
781 4.03059 194.488 55.922
782 9.4214 202.873 50.0737
783 15.3769 212.525 46.8807
784 22.4314 220.388 42.4942
785 29.6129 227.508 37.4823
786 36.9664 235.989 34.7518
787 41.1281 244.401 28.0571
788 47.0159 252.232 21.1434
789 54.0919 260.37 17.1867
790 59.5552 269.073 11.2277
791 65.7252 278.798 10.5418
792 74.4132 286.181 10.7725
793 84.2156 291.356 13.9034
794 93.1258 297.235 18.2453
795 102.822 299.295 24.1234
796 111.48 304.103 30.0408
797 119.178 307.224 38.1038
798 127.121 313.906 43.5296
799 134.608 315.337 52.3437
800 142.388 316.865 61.0412
801 150.002 317.852 69.782
802 159.649 319.73 76.054
803 165.932 322.387 85.4019
804 170.228 323.659 96.2223
805 174.115 327.104 106.575
806 175.797 328.954 118.303
807 180.009 331.452 128.936
808 182.22 333.057 140.286
809 183.636 330.817 151.875
810 180.488 325.147 161.848
811 178.392 323.393 173.431
812 173.413 324.705 183.741
813 167.042 321.06 192.96
814 160.939 316.466 201.518
815 151.508 312.403 206.493
816 141.563 305.999 205.764
817 131.62 299.785 205.166
818 122.505 292.772 201.894
819 112.301 287.675 199.496
820 103.115 280.865 197.185
821 97.8128 275.124 188.323
822 92.4301 269.31 180.16
823 86.751 263.586 171.69
824 81.9106 258.591 162.427
825 76.7175 253.765 153.033
826 73.2764 248.813 143.303
827 70.778 244.989 132.69
828 67.0673 243.277 121.475
829 65.735 238.483 110.722
830 65.2649 236.309 98.6775
831 66.516 231.833 87.7963
832 70.9854 229.453 77.0689
833 79.2072 224.612 69.6742
834 85.9208 216.526 63.8343
835 94.0922 208.822 60.2133
836 102.662 201.453 56.4908
837 112.599 196.279 52.5665
838 122.161 191.083 48.505
839 130.545 183.311 46.1679
840 141.653 179.38 45.19
841 151.811 172.785 46.723
842 162.718 167.491 47.2852
843 174.165 163.491 47.4518
844 185.913 164.845 50.9817
845 195.867 169.824 54.4414
846 203.593 178.52 56.4272
847 211.97 187.162 58.1234
848 219.551 193.985 51.8728
849 222.048 201.207 42.7698
850 225.656 209.7 34.8937
851 227.239 218.79 27.849
852 227.635 229.228 22.3773
853 224.917 240.379 18.9811
854 224.066 251.858 15.5044
855 221.084 262.062 9.69471
856 217.691 271.796 3.72159
857 208.861 277.478 -1.97718
858 200.293 280.188 -10.4185
859 192.138 281.002 -19.1948
860 183.706 282.761 -27.9948
861 176.077 282.994 -36.9193
862 168.219 281.533 -46.5064
863 159.287 278.222 -53.7978
864 149.933 273.915 -59.6215
865 139.216 272.804 -64.7297
866 127.508 270.354 -66.2619
867 116.784 265.45 -67.4555
868 107.161 259.422 -71.371
869 99.93 250.433 -74.2258
870 93.2513 240.862 -72.9262
871 87.6914 230.816 -69.9683
872 80.7985 221.059 -67.4827
873 74.9414 210.808 -65.0663
874 70.377 199.692 -64.5607
875 67.6986 188.538 -60.7572
876 67.4877 178.035 -55.1474
877 69.397 167.334 -49.3919
878 69.0108 159.637 -40.2063
879 64.563 152.747 -31.5915
880 61.6291 144.298 -23.4617
881 57.5369 137.859 -14.4931
882 53.5276 133.905 -3.80258
883 52.4612 132.901 8.35818
884 56.1341 133.559 20.3761
885 61.2566 134.362 31.3187
886 64.6113 133.076 43.0321
887 71.8095 133.089 52.4943
888 79.0683 135.819 61.7439
889 87.509 139.503 69.5108
890 91.8282 148.533 75.8074
891 96.3859 155.736 84.5513
892 100.164 163.602 93.3502
893 104.11 169.991 102.644
894 109.242 176.323 112.37
895 114.084 182.034 121.84
896 122.405 184.545 130.279
897 132.871 182.928 136.287
898 143.946 177.689 134.661
899 150.964 168.211 134.454
900 157.734 158.53 130.575
901 163.75 148.467 126.687
902 169.772 141.934 118.106
903 174.082 135.49 108.465
904 173.368 128.699 98.3846
905 173.756 124.885 86.7005
906 172.141 120.538 75.9011
907 172.469 117.734 64.1191
908 176.07 118.111 52.5481
909 180.942 122.805 42.3841
910 181.928 129.193 32.2899
911 182.112 134.895 21.695
912 183.196 140.172 10.9091
913 183.64 144.684 -0.540716
914 183.614 149.886 -11.5817
915 179.217 158.116 -19.1695
916 176.41 169.129 -23.7707
917 174.38 180.679 -27.7401
918 172.118 192.913 -26.8475
919 168.671 204.91 -26.9183
920 171.752 216.499 -25.4969
921 175.026 228.412 -25.6957
922 180.421 238.754 -21.503
923 186.737 247.62 -15.917
924 189.261 255.137 -6.78438
925 187.297 261.358 3.86779
926 183.15 267.932 13.4685
927 178.262 269.045 24.71
928 173.612 263.826 34.9467
929 166.331 259.805 44.3143
930 157.932 257.036 52.9271
931 147.091 252.797 57.3513
932 138.738 243.932 58.458
933 131.486 234.154 59.148
934 125.374 224.252 63.5213
935 121.953 213.023 66.7317
936 114.52 202.771 66.6878
937 106.587 193.296 68.8423
938 97.2642 185.97 71.9969
939 89.2736 176.763 70.3939
940 83.302 166.84 67.4663
941 75.9107 158.611 62.0205
942 70.9976 148.737 56.4214
943 68.7803 139.302 49.0555
944 66.5728 129.422 41.6381
945 65.5894 118.591 36.68
946 66.0371 107.168 31.7619
947 65.4602 96.596 26.0385
948 67.6724 86.3114 19.9383
949 73.4746 76.8893 14.3897
950 79.2586 66.9849 11.9566
951 85.3652 56.3758 11.1212
952 86.2081 43.9826 11.9402
953 89.9401 32.3081 11.9952
954 97.2202 22.6467 13.8819
955 105.808 14.1546 17.3981
956 114.124 7.14162 22.5772
957 122.691 -0.615778 26.5169
958 132.398 -7.85188 29.1408
959 143.097 -12.8382 32.654
960 152.821 -16.3093 39.4822
961 161.69 -16.342 48.0379
962 169.219 -12.3026 57.4554
963 170.298 -4.91694 67.5763
964 168.85 4.02654 76.2783
965 164.179 13.8944 82.5351
966 161.001 25.6031 85.8004
967 160.453 38.0333 86.3805
968 158.452 49.9667 86.3639
969 153.627 61.1587 84.9344
970 146.145 68.9025 78.8696
971 136.027 73.9991 73.6728
972 125.614 76.7062 67.7887
973 114.214 77.3957 62.6576
974 102.325 77.4819 58.9667
975 89.7394 75.8723 58.5495
976 78.2679 70.8506 56.7467
977 69.05 62.4704 54.2538
978 62.2883 52.5169 52.6624
979 58.645 42.1611 57.8931
980 53.2151 33.3316 65.0944
981 50.1861 22.5985 70.2708
982 50.6087 11.2718 74.8432
983 51.3912 -0.507329 78.9495
984 53.6805 -11.7878 83.0262
985 57.2607 -23.6604 81.6643
986 66.1318 -32.5471 80.3147
987 76.4104 -39.6257 80.3555
988 87.3144 -44.0113 77.1048
989 97.7756 -50.8112 77.6541
990 109.5 -54.4519 76.8152
991 121.802 -55.6609 75.9633
992 134.245 -54.839 76.488
993 146.331 -57.4836 76.6326
994 158.245 -61.6059 74.957
995 170.637 -63.9543 73.1594
996 182.743 -64.5928 75.2519
997 194.094 -69.9123 75.0731
998 200.063 -79.644 80.0203
999 202.924 -90.2024 86.7789
1000 207.255 -99.4522 94.1806
1001 209.231 -106.75 104.046
1002 210.484 -111.565 115.334
1003 207.899 -117.356 126.172
1004 202.823 -120.157 137.776
1005 202.496 -119.38 150.05
1006 199.765 -117.186 162.121
1007 193.421 -112.345 171.764
1008 187.499 -106.435 181.075
1009 178.583 -100.865 187.111
1010 168.098 -94.88 190.267
1011 156.228 -94.5893 194.935
1012 143.748 -95.0222 194.533
1013 131.357 -97.1867 194.792
1014 121.193 -104.271 192.533
1015 112.595 -113.648 191.356
1016 103.608 -121.703 189.358
1017 94.4519 -128.922 184.677
1018 86.0477 -131.233 176.133
1019 80.5562 -134.723 165.342
1020 75.7174 -137.865 154.357
1021 70.0386 -140.958 144.018
1022 68.4442 -140.531 131.446
1023 72.7301 -138.586 119.778
1024 81.1752 -139.464 110.329
1025 87.7013 -137.762 100.042
1026 93.1357 -135.193 89.2232
1027 101.251 -130.913 80.9222
1028 110.975 -122.873 78.8258
1029 120.321 -114.568 79.3664
1030 126.551 -103.794 78.5228
1031 129.011 -92.1819 73.8069
1032 126.958 -81.5809 67.2785
1033 126.853 -72.0152 59.7949
1034 127.474 -62.8047 51.1364
1035 123.002 -52.3659 45.3874
1036 115.916 -42.2586 43.3016
1037 105.558 -35.9175 42.3928
1038 97.7425 -26.2872 42.7266
1039 86.8432 -20.7489 46.2012
1040 79.6822 -12.381 52.4984
1041 71.9051 -4.6145 58.2642
1042 64.3578 4.59965 61.2778
1043 55.5967 11.1893 66.5898
1044 48.7793 17.9002 74.7541
1045 37.8555 21.6848 80.3282
1046 29.2366 25.3492 88.2041
1047 20.2551 30.0755 95.3207
1048 13.942 36.3846 104.441
1049 13.378 41.1952 115.991
1050 13.3472 45.5319 127.858
1051 12.8943 46.5352 140.195
1052 14.374 48.8385 152.542
1053 14.8072 47.8263 165.445
1054 16.7965 46.5802 177.713
1055 20.2585 39.7772 187.611
1056 24.7651 33.4054 197.01
1057 29.9161 27.3622 207.247
1058 32.4477 18.5481 216.143
1059 36.7956 10.2268 224.76
1060 40.5398 4.02653 234.89
1061 44.9855 -3.97551 243.335
1062 49.1231 -14.401 249.365
1063 56.2927 -24.6024 251.631
1064 62.5306 -34.9592 253.568
1065 66.1233 -46.879 252.605
1066 72.2684 -57.3687 248.713
1067 78.2976 -66.7861 243.374
1068 87.3715 -73.3392 237.425
1069 96.4708 -78.0107 230.191
1070 107.93 -81.4244 225.37
1071 119.321 -80.1743 220.789
1072 129.825 -78.4125 214.32
1073 140.644 -77.5363 208.091
1074 153.281 -78.3235 206.422
1075 165.646 -77.0253 207.949
1076 178.265 -75.5077 209.072
1077 189.454 -69.3636 210.115
1078 199.907 -62.3889 210.43
1079 210.015 -54.5498 210.955
1080 218.896 -45.9631 209.823
1081 228.427 -39.0628 206.142
1082 235.989 -30.4213 201.247
1083 244.699 -23.7025 195.595
1084 252.953 -15.4267 192.117
1085 261.06 -7.34903 186.562
1086 269.105 -1.1832 179.759
1087 277.922 5.90414 173.913
1088 282.155 11.193 163.421
1089 281.898 16.496 151.939
1090 282.565 21.3036 140.384
1091 284.249 25.4351 128.808
1092 285.842 24.2302 116.684
1093 286.473 25.3563 104.035
1094 288.844 28.3325 92.3086
1095 290.723 28.981 79.9835
1096 291.659 32.7726 68.5386
1097 291.798 33.671 56.3069
1098 287.874 32.5856 44.5127
1099 284.185 31.33 32.243
1100 281.088 28.1534 20.844
1101 274.37 23.8563 11.4657
1102 264.946 17.001 6.42588
1103 253.538 14.4722 3.44706
1104 241.614 9.94253 2.79685
1105 231.026 3.5794 4.17284
1106 221.214 -3.93444 5.33699
1107 211.707 -11.0709 9.30435
1108 206.94 -17.5956 18.4487
1109 207.734 -25.7153 27.9184
1110 210.287 -34.4607 36.0785
1111 213.212 -42.8004 44.978
1112 217.677 -51.5472 53.3942
1113 221.173 -60.5709 61.2598
1114 226.752 -66.6197 70.653
1115 235.581 -67.6066 79.4553
1116 245.65 -64.3784 86.7627
1117 256.642 -58.3518 86.2929
1118 266.972 -51.0061 85.7955
1119 276.401 -42.8378 85.613
1120 284.815 -33.5776 85.4345
1121 291.014 -23.0226 83.3318
1122 296.54 -14.1017 76.4344
1123 298.384 -3.14584 70.2783
1124 298.048 7.56168 63.4498
1125 296.232 18.3727 57.2346
1126 295.747 29.7308 51.5195
1127 295.256 38.7582 42.4351
1128 292.934 44.8577 32.2278
1129 288.392 45.9389 20.86
1130 283.633 45.9743 9.63038
1131 279.572 43.4217 -2.11914
1132 275.724 37.7007 -12.4322
1133 270.73 31.2059 -21.6064
1134 267.929 22.7822 -30.4621
1135 266.136 11.3062 -34.7072
1136 267.749 0.513582 -40.5812
1137 266.023 -11.3631 -44.2382
1138 271.679 -21.4855 -49.136
1139 278.227 -32.1232 -51.8384
1140 284.286 -42.678 -51.7233
1141 290.212 -53.7295 -50.0423
1142 294.53 -65.4406 -51.1296
1143 303.329 -74.4789 -50.6734
1144 312.175 -83.2892 -48.344
1145 319.609 -92.2144 -43.4339
1146 329.686 -98.0317 -38.8821
1147 339.629 -104.461 -34.2589
1148 344.358 -107.454 -22.7093
1149 351.023 -109.564 -12.3967
1150 353.493 -109.692 0.160023
1151 355.516 -109.119 12.1875
1152 358.339 -106.263 24.2419
1153 360.269 -102.29 35.5821
1154 360.743 -97.2381 47.0092
1155 365.489 -92.2346 57.6207
1156 370.575 -87.0108 68.2957
1157 372.313 -85.2079 80.405
1158 372.555 -82.5595 92.5691
1159 375.287 -77.851 104.23
1160 378.201 -71.4236 114.737
1161 383.01 -65.4635 124.898
1162 385.881 -60.475 135.928
1163 386.643 -56.5622 147.606
1164 390.88 -54.896 159.232
1165 397.442 -51.0148 169.307
1166 402.85 -43.9968 178.435
1167 407.149 -36.8163 187.6
1168 409.941 -26.6264 194.286
1169 413.113 -16.905 201.185
1170 413.015 -9.36165 211.055
1171 411.096 -1.53817 220.416
1172 405.969 6.08691 228.717
1173 396.328 12.0174 235.048
1174 386.18 17.4481 239.579
1175 374.006 19.9904 241.619
1176 362.275 20.2143 246.203
1177 351.644 14.2699 249.402
1178 344.219 4.27308 251.826
1179 336.902 -4.84629 256.382
1180 329.622 -14.715 255.806
1181 323.781 -25.5985 256.722
1182 317.308 -36.285 255.593
1183 311.596 -47.4378 257.425
1184 304.845 -57.7469 258.581
1185 301.456 -69.5785 256.915
1186 301.283 -81.302 253.523
1187 300.702 -93.2102 256.448
1188 303.066 -105.271 256.267
1189 307.62 -116.633 257.773
1190 314.317 -126.234 254.171
1191 317.088 -137.955 251.765
1192 323.924 -148.639 251.024
1193 327.176 -160.446 251.534
1194 331.012 -172.49 251.196
1195 331.095 -184.792 248.822
1196 334.323 -196.366 245.683
1197 343.807 -203.988 243.139
1198 352.592 -209.967 236.014
1199 361.364 -214.517 228.621
1200 371.13 -214.078 220.971
1201 381.935 -214.175 214.565
1202 391.037 -211.517 206.565
1203 396.065 -205.469 197.169
1204 400.219 -199.271 187.238
1205 402.426 -192.172 177.387
1206 403.619 -181.772 170.403
1207 402.836 -170.441 165.245
1208 400.525 -159.603 160.124
1209 398.909 -148.197 155.506
1210 395.365 -136.139 156.3
1211 389.414 -126.125 153.007
1212 383.242 -116.913 147.939
1213 373.741 -111.557 142.005
1214 362.836 -107.525 137.649
1215 351.244 -104.284 135.396
1216 339.168 -102.387 136.191
1217 326.635 -103.051 135.028
1218 314.722 -106.185 135.74
1219 303.224 -110.739 134.42
1220 292.229 -115.62 134.119
1221 282.534 -123.26 134.899
1222 272.246 -129.892 135.459
1223 264.31 -137.141 141.094
1224 256.958 -145.279 146.633
1225 252.142 -155.201 151.958
1226 252.497 -167.525 154.698
1227 257.595 -178.748 155.848
1228 264.808 -188.421 157.885
1229 269.758 -197.667 164.834
1230 275.411 -203.684 174.378
1231 282.706 -207.317 183.947
1232 290.885 -207.494 193.06
1233 296.94 -207.098 203.537
1234 300.854 -202.495 214.587
1235 302.644 -200.478 226.475
1236 306.949 -197.95 237.784
1237 311.087 -191.031 247.364
1238 318.557 -183.773 253.948
1239 323.508 -175.658 262.036
1240 328.069 -168.695 270.833
1241 333.986 -162.515 279.937
1242 341.83 -154.509 285.252
1243 349.64 -146.083 289.769
1244 355.397 -134.846 288.674
1245 362.195 -124.786 286.673
1246 368.832 -115.28 283.568
1247 375.841 -106.711 278.07
1248 382.312 -99.7932 270.462
1249 385.889 -92.7385 260.839
1250 391.91 -87.5198 251.504
1251 396.982 -81.5882 241.888
1252 399.084 -75.7164 231.172
1253 401.199 -69.918 220.554
1254 401.373 -64.0077 209.898
1255 399.331 -58.7608 199.052
1256 393.987 -54.1195 188.604
1257 386.834 -50.7883 179.22
1258 377.221 -45.6293 173.977
1259 367.207 -40.212 168.687
1260 357.914 -32.8955 164.433
1261 347.667 -26.3635 163.903
1262 338.87 -17.5456 163.783
1263 332.358 -7.20004 163.751
1264 327.446 3.78434 165.646
1265 318.111 10.7737 170.386
1266 311.643 18.1149 177.781
1267 309.344 23.5067 188.613
1268 310.911 28.7223 200.046
1269 315.335 38.2193 206.309
1270 320.566 42.9186 216.639
1271 326.393 45.4013 227.33
1272 331.345 49.2524 238.051
1273 335.472 50.6884 249.675
1274 340.617 52.0432 260.796
1275 345.508 48.9614 271.595
1276 350.572 42.3239 280.308
1277 355.913 34.549 287.929
1278 355.735 26.3211 297.413
1279 351.979 17.0657 305.135
1280 349.437 5.88278 308.833
1281 350.257 -5.76821 313.255
1282 351.116 -17.5824 315.171
1283 351.799 -29.7606 316.562
1284 348.882 -41.4564 315.285
1285 345.662 -51.7862 310.259
1286 342.703 -58.1596 300.618
1287 339.042 -65.9752 291.689
1288 335.349 -72.2559 281.541
1289 330.069 -79.9713 273.111
1290 322.322 -84.6752 264.533
1291 317.81 -88.9369 253.912
1292 314.372 -94.9273 243.495
1293 313.663 -94.6011 231.4
1294 310.376 -92.1172 219.927
1295 309.038 -86.3007 209.835
1296 304.76 -79.9448 200.558
1297 301.918 -71.6955 191.633
1298 295.252 -63.3535 185.985
1299 288.739 -53.4718 182.556
1300 281.441 -44.8365 177.781
1301 274.869 -35.5722 173.999
1302 268.679 -26.2398 169.081
1303 264.81 -17.418 162.15
1304 260.763 -10.4069 152.793
1305 258.051 -4.49007 142.502
1306 258.733 -0.713095 130.943
1307 258.568 4.17643 119.963
1308 259.253 9.82134 109.249
1309 261.332 13.2979 97.7372
1310 262.009 21.1268 88.6484
1311 263.689 27.1486 77.8225
1312 267.924 32.8296 68.2193
1313 272.385 38.4867 58.5994
1314 278.038 44.1388 49.423
1315 283.947 47.5762 39.6957
1316 289.686 50.4422 29.8559
1317 295.659 54.8379 20.3623
1318 303.99 58.8322 12.2546
1319 314.955 59.7077 8.3524
1320 325.321 54.4826 4.22499
1321 335.987 49.131 6.70846
1322 347.407 46.2735 9.70046
1323 356.593 41.8539 15.4246
1324 367.531 38.7463 20.8424
1325 376.597 31.9247 24.1749
1326 382.124 21.5043 27.897
1327 387.199 11.3859 32.1268
1328 390.551 0.851295 36.976
1329 388.984 -10.8598 40.1903
1330 387.746 -21.7824 44.9163
1331 387.482 -32.8751 49.1192
1332 387.56 -44.1296 53.4882
1333 384.752 -55.4669 55.4154
1334 379.022 -65.9453 57.1232
1335 373.513 -75.542 53.2354
1336 367.311 -85.1708 48.9775
1337 359.822 -93.8828 46.0769
1338 352.947 -100.133 39.1498
1339 343.276 -101.725 32.1446
1340 334.903 -106.678 24.7296
1341 328.837 -111.622 15.2086
1342 320.551 -112.827 6.63729
1343 313.159 -114.409 -2.51721
1344 303.733 -110.828 -9.47902
1345 292.218 -108.936 -11.2413
1346 281.06 -106.268 -8.09521
1347 270.031 -104.965 -4.30049
1348 260.03 -103.441 2.37224
1349 251.124 -100.213 9.80926
1350 241.527 -98.2229 16.379
1351 233.435 -93.6333 24.2496
1352 225.946 -89.8218 32.8452
1353 219.586 -86.8727 42.5906
1354 215.326 -84.7551 53.6347
1355 210.924 -77.461 62.2031
1356 208.412 -68.9888 69.6007
1357 204.23 -61.798 77.8513
1358 202.489 -56.7104 88.4639
1359 199.586 -51.3592 98.2051
1360 199.249 -42.4871 106.036
1361 202.471 -35.245 115.024
1362 204.366 -26.7231 122.919
1363 203.691 -16.0916 127.415
1364 200.685 -5.4346 131.316
1365 198.376 6.05496 132.771
1366 200.516 17.8529 132.451
1367 202.442 29.6323 132.487
1368 205.662 39.9183 127.466
1369 205.415 50.9357 122.717
1370 207.06 61.5776 117.666
1371 208.127 72.8937 113.392
1372 205.591 81.6614 105.852
1373 201.156 91.287 100.155
1374 197.14 101.857 96.0227
1375 192.91 109.549 88.2452
1376 188.545 119.449 83.4566
1377 181.327 126.039 76.2601
1378 176.793 130.658 66.2388
1379 176.54 133.791 54.8064
1380 178.674 137.85 44.2205
1381 182.797 142.277 33.8814
1382 186.696 145.092 23.0006
1383 188.579 146.893 11.3866
1384 186.948 145.373 -0.178353
1385 182.794 142.403 -11.3179
1386 180.021 142.387 -22.8063
1387 174.729 144.469 -33.2729
1388 168.678 144.011 -42.9953
1389 158.298 141.47 -48.7493
1390 150.464 139.478 -57.3815
1391 142.164 138.038 -65.5174
1392 133.515 132.917 -72.2114
1393 127.087 124.495 -76.8521
1394 117.879 117.247 -77.6118
1395 109.651 109.242 -74.6252
1396 101.536 101.315 -71.1265
1397 92.055 94.5916 -70.0492
1398 82.3407 91.066 -64.702
1399 75.5141 83.7382 -58.9773
1400 68.1712 76.6343 -53.995
1401 60.4775 70.6861 -47.2706
1402 56.7156 63.1992 -38.7496
1403 55.578 56.4775 -29.2027
1404 52.2665 50.4963 -19.6271
1405 47.6351 46.6315 -9.29759
1406 50.1532 42.5456 1.4147
1407 54.0898 39.4118 11.9161
1408 61.107 40.24 21.1646
1409 66.0738 35.5513 30.5141
1410 71.3939 35.1667 40.7236
1411 78.3256 34.6614 50.128
1412 85.7465 34.5841 59.3579
1413 91.4811 35.4492 69.8271
1414 97.8276 42.4304 76.9561
1415 103.068 48.5372 85.5088
1416 108.143 54.3888 94.0725
1417 114.767 63.3198 96.9966
1418 120.279 72.7179 101.384
1419 127.331 81.5321 103.673
1420 129.23 92.7658 106.225
1421 128.145 104.528 107.356
1422 126.633 116.192 106.21
1423 126.081 127.367 105.181
1424 127.911 138.482 104.442
1425 130.529 147.92 99.0191
1426 135.775 156.877 93.4127
1427 144.223 162.087 87.5922
1428 153.192 167.557 82.2086
1429 161.546 171.365 75.56
1430 169.843 176.531 69.4292
1431 171.588 181.369 58.9467
1432 171.919 181.016 47.0106
1433 172.15 180.206 35.4465
1434 175.08 179.814 24.1501
1435 178.816 177.004 13.8116
1436 181.468 172.731 3.79777
1437 186.668 168.313 -4.83365
1438 192.377 160.582 -11.3196
1439 197.635 151.646 -16.0967
1440 202.641 141.683 -18.1102
1441 207.282 131.229 -19.3821
1442 209.451 120.419 -18.3205
1443 214.453 110.226 -17.6819
1444 215.832 99.045 -16.577
1445 216.731 88.0322 -13.9095
1446 216.776 79.4528 -6.50455
1447 216.612 71.4006 1.60296
1448 218.034 67.1402 11.9825
1449 219.733 68.2904 22.9825
1450 223.429 65.0949 33.7543
1451 230.325 63.9179 42.6204
1452 235.94 66.3971 52.2188
1453 243.139 66.7223 60.6972
1454 249.601 73.0971 67.3002
1455 257.233 77.7163 74.4542
1456 263.822 82.8795 81.6896
1457 268.148 93.1081 83.9084
1458 272.694 102.559 88.5221
1459 280.054 110.034 91.8252
1460 286.592 119.077 91.6721
1461 292.51 128.522 88.9942
1462 301.977 134.209 86.7372
1463 311.833 139.584 84.6295
1464 321.626 143.841 80.661
1465 331.878 147.08 76.7126
1466 341.81 150.79 73.9955
1467 352.61 153.934 73.2785
1468 363.903 154.903 73.4265
1469 374.808 158.727 74.712
1470 385.925 160.31 72.6013
1471 395.657 165.109 70.732
1472 406.187 168.443 67.823
1473 415.901 168.698 63.6165
1474 426.068 171.542 60.2638
1475 435.572 176.636 57.1478
1476 443.381 183.357 54.2795
1477 449.101 193.048 54.4905
1478 452.164 203.634 53.0672
1479 452.387 213.504 48.8619
1480 452.904 224.01 45.3125
1481 450.703 234.804 45.1418
1482 451.307 246.041 45.5288
1483 449.756 257.217 46.1521
1484 445.495 267.887 45.4552
1485 440.776 277.681 45.8688
1486 435.38 287.768 47.1459
1487 429.106 296.807 49.8268
1488 426.23 306.333 55.085
1489 423.004 313.89 62.554
1490 415.924 317.724 70.2432
1491 407.56 322.892 74.5747
1492 398.579 328.469 78.3135
1493 389.716 334.233 80.863
1494 379.442 336.409 82.9204
1495 368.682 336.529 83.296
1496 357.827 336.25 84.6988
1497 349.156 329.693 86.0794
1498 340.229 323.689 87.6292
1499 331.705 317.205 89.3766
1500 328.304 306.922 87.6676
1501 328.155 296.396 88.0497
1502 330.195 285.741 86.5755
1503 338.529 278.225 85.9744
1504 347.087 271.163 85.3053
1505 358.006 269.229 84.6038
1506 367.728 266.864 88.484
1507 377.728 263.264 90.6598
1508 388.358 261.852 89.8206
1509 399.093 260.003 90.3906
1510 410.108 257.884 93.0647
1511 418.977 253.395 97.1581
1512 429.428 250.777 99.7229
1513 436.349 244.543 105.095
1514 443.349 238.94 111.441
1515 448.045 232.983 119.385
1516 448.292 226.613 128.08
1517 449.392 221.163 137.318
1518 446.824 216.325 146.861
1519 440.023 213.162 154.625
1520 432.883 208.478 162.124
1521 427.258 205.942 171.333
1522 421.458 201.693 179.109
1523 418.835 195.262 187.4
1524 416.927 190.333 196.91
1525 414.696 186.148 206.458
1526 413.55 181.537 216.005
1527 412.764 180.763 226.721
1528 412.498 181.694 237.622
1529 414.291 185.665 247.735
1530 415.406 188.196 257.611
1531 416.17 190.434 268.108
1532 415.814 195.319 277.554
1533 414.761 200.701 286.827
1534 419.91 205.556 295.086
1535 424.678 212.409 302.284
1536 428.432 220.657 308.294
1537 433.208 229.502 311.373
1538 436.674 239.407 313.389
1539 438.752 249.526 313.311
1540 440.574 260.315 314.844
1541 439.358 270.971 315.019
1542 438.046 281.118 312.213
1543 433.691 290.245 308.922
1544 429.737 299.605 305.179
1545 427.243 309.339 301.519
1546 426.152 318.863 297.072
1547 421.14 327.101 292.614
1548 415.618 334.782 288.53
1549 408.28 341.461 285.072
1550 400.994 348.474 282.48
1551 391.668 353.345 280.777
1552 384.218 357.58 274.638
1553 374.964 361.174 269.506
1554 366.781 366.888 266.06
1555 357.367 369.303 261.5
1556 347.321 367.651 259.737
1557 340.144 360.54 256.9
1558 331.638 354.569 255.448
1559 323.641 348.555 252.896
1560 315.786 341.612 250.981
1561 309.923 333.059 249.761
1562 301.97 327.28 246.546
1563 296.661 319.566 242.504
1564 292.628 310.823 238.682
1565 290.769 301.057 237.448
1566 290.752 291.063 239.918
1567 292.415 281.426 243.907
1568 295.072 272.09 247.733
1569 298.756 263.131 251.987
1570 300.81 253.595 255.493
1571 302.845 244.083 258.176
1572 306.696 234.943 262.211
1573 312.728 227.867 266.608
1574 318.91 222.145 273.07
1575 326.619 219.443 279.473
1576 334.253 218.889 286.633
1577 340.685 220.355 294.244
1578 344.74 224.417 302.785
1579 348.702 228.043 311.736
1580 350.22 232.47 320.665
1581 349.499 238.397 329.364
1582 344.335 243.703 336.503
1583 337.923 250.63 340.89
1584 331.116 257.269 345.035
1585 323.257 263.746 346.942
1586 315.836 270.649 348.144
1587 306.553 275.609 347.488
1588 299.218 282.365 345.043
1589 291.335 287.917 342.311
1590 284.198 293.674 338.378
1591 276.48 295.641 332.217
1592 268.311 294.175 326.124
1593 260.655 289.786 320.911
1594 254.289 284.949 314.571
1595 251.678 276.494 309.09
1596 246.498 268.074 307.004
1597 239.552 260.342 306.036
1598 238.951 250.514 308.041
1599 241.193 240.898 309.595
1600 245.632 232.221 311.968
1601 250.412 224.624 316.602
1602 258.206 218.257 317.77
1603 267.552 214.662 319.165
1604 277.171 216.217 321.969
1605 284.732 220.743 326.357
1606 292.114 226.234 330.894
1607 298.726 232.922 335.019
1608 304.946 239.396 339.49
1609 308.236 247.426 344.706
1610 313.286 255.17 348.645
1611 318.682 263.738 350.206
1612 318.814 273.377 352.67
1613 315.197 281.672 356.496
1614 309.261 287.963 361.467
1615 301.752 293.075 366.615
1616 292.832 294.981 371.004
1617 283.865 295.937 375.04
1618 275.366 297.783 379.971
1619 267.5 299.782 385.348
1620 258.122 301.948 387.435
1621 248.92 301.809 389.469
1622 239.886 304.901 391.383
1623 229.833 305.378 392.826
1624 220.023 304.375 391.982
1625 210.317 301.822 391.536
1626 200.314 299.54 390.485
1627 191.989 293.337 391.153
1628 184.361 287.016 392.266
1629 177.413 280.114 393.759
1630 169.917 273.855 396.028
1631 161.666 268.54 394.431
1632 154.215 263.515 391.551
1633 145.872 259.544 387.747
1634 137.843 258.875 382.181
1635 130.667 256.83 376.016
1636 123.563 251.846 371.695
1637 116.991 245.765 367.67
1638 112.123 237.859 364.218
1639 107.895 229.554 361.963
1640 103.913 220.464 361.808
1641 102.822 210.913 362.28
1642 102.479 201.279 363.01
1643 103.203 192.115 366.459
1644 104.444 185.79 373.847
1645 108.268 179.533 379.956
1646 111.297 175.105 387.805
1647 112.743 170.064 396.38
1648 114.097 167.665 405.859
1649 116.451 165.219 415.004
1650 118.736 163.817 424.014
1651 121.317 166.768 432.975
1652 125.556 172.821 438.988
1653 131.114 177.934 445.228
1654 132.78 183.937 452.739
1655 133.562 192.059 457.512
1656 137.495 199.917 461.821
1657 137.833 208.701 463.54
1658 142.567 216.983 463.319
1659 149.61 222.938 464.544
1660 156.388 229.088 467.686
1661 163.081 235.638 469.88
1662 170.178 241.869 471.315
1663 174.018 250.046 468.979
1664 174.712 259.135 465.907
1665 174.749 267.732 462.219
1666 168.568 274.873 461.137
1667 160.472 279.463 462.428
1668 154.72 287.24 462.909
1669 145.958 291.023 462.525
1670 137.186 294.802 462.557
1671 128.275 297.139 463.938
1672 119.317 300.444 461.178
1673 110.904 304.009 458.776
1674 102.581 303.148 454.165
1675 95.4877 303.11 448.166
1676 91.4276 303.833 439.678
1677 84.7944 302.529 433.164
1678 77.4147 300.742 427.347
1679 68.9821 298.308 423.864
1680 60.3006 296.023 422.041
1681 51.0143 296.003 420.822
1682 41.633 295.773 421.449
1683 32.6642 294.631 419.904
1684 23.3573 294.778 418.95
1685 14.288 293.013 416.868
1686 5.17562 293.064 414.514
1687 -3.68148 291.259 411.925
1688 -11.9184 290.4 408.151
1689 -19.5282 285.218 405.407
1690 -26.6445 280.587 401.397
1691 -31.397 277.324 393.908
1692 -35.9279 272.788 386.896
1693 -38.5956 265.473 383.004
1694 -39.78 257.495 378.142
1695 -40.5427 249.04 375.42
1696 -43.1147 241.015 371.578
1697 -48.4843 233.962 368.628
1698 -53.7572 227.044 365.804
1699 -60.6071 221.804 362.876
1700 -63.9113 213.642 359.089
1701 -67.0739 205.341 357.484
1702 -68.748 196.951 355.297
1703 -68.49 188.664 351.335
1704 -64.2912 180.366 350.76
1705 -58.2165 174.495 354.53
1706 -51.1066 169.601 358.093
1707 -43.1089 165.894 360.474
1708 -34.6026 162.656 360.606
1709 -25.8605 160.343 359.385
1710 -16.8783 161.263 357.469
1711 -8.21866 162.37 357.439
1712 0.484889 164.473 357.723
1713 9.63498 165.659 358.28
1714 18.6139 166.117 357.368
1715 27.8692 165.393 355.89
1716 36.2819 167.332 353.64
1717 42.8472 170.233 348.345
1718 49.3956 173.964 343.543
1719 56.1652 175.007 337.684
1720 62.2457 176.345 331.432
1721 69.07 177.951 326.096
1722 76.2933 180.321 321.39
1723 84.247 182.562 317.704
1724 90.2709 188.724 316.706
1725 92.5658 196.801 318.774
1726 93.1452 205.218 320.928
1727 94.1426 213.508 323.113
1728 93.2941 221.885 325.221
1729 91.2377 230.182 327.909
1730 89.1904 239.052 329.849
1731 83.9987 246.001 332.421
1732 79.5403 252.686 335.724
1733 74.5113 258.232 340.172
1734 67.1716 262.023 342.851
1735 60.6864 265.971 347.547
1736 53.8445 267.391 352.91
1737 47.7887 265.8 358.906
1738 42.5302 262.906 365.871
1739 38.8945 258.47 372.763
1740 34.4836 252.238 376.3
1741 29.8037 245.386 378.72
1742 24.9921 238.268 376.049
1743 19.9566 231.015 375.105
1744 14.3563 224.458 374.667
1745 8.42823 217.809 375.405
1746 3.90368 210.59 374.749
1747 -0.590731 202.93 374.907
1748 -1.52779 194.211 374.416
1749 -1.85072 185.959 375.986
1750 -0.051929 177.815 374.933
1751 2.27431 170.118 372.887
1752 6.5037 164.674 367.148
1753 7.16546 159.894 360.562
1754 9.653 154.375 354.325
1755 9.67529 148.959 347.422
1756 8.52494 142.989 341.489
1757 9.36015 139.332 333.95
1758 8.45782 135.553 326.876
1759 6.99863 132.715 318.962
1760 9.84854 131.006 311.212
1761 13.6739 131.04 303.58
1762 19.723 129.553 297.82
1763 23.9075 130.143 290.513
1764 23.0314 131.603 282.324
1765 21.8999 132.601 274.345
1766 21.2319 135.491 266.208
1767 20.3584 138.298 258.262
1768 20.3927 145.006 252.817
1769 21.96 152.222 248.632
1770 24.7009 159.619 245.606
1771 27.0897 167.563 246.463
1772 27.7331 175.676 245.896
1773 28.3364 183.882 247.503
1774 29.7942 191.727 250.413
1775 33.547 199.12 251.606
1776 36.1168 206.121 255.306
1777 39.617 212.083 259.837
1778 44.2756 217.058 264.229
1779 48.2246 219.664 271.067
1780 51.3756 221.814 278.568
1781 56.6012 224.576 283.894
1782 62.5212 227.028 289.402
1783 65.9204 230.947 296.195
1784 67.7141 235.273 303.199
1785 70.4235 237.039 310.475
1786 71.736 236.146 318.758
1787 71.665 236.736 326.808
1788 73.1661 238.957 334.683
1789 72.2328 239.45 342.832
1790 72.563 239.954 350.676
1791 72.8465 239.573 359.581
1792 67.9956 236.568 365.376
1793 60.235 233.609 366.792
1794 52.5478 231.697 367.301
1795 46.1033 227.254 367.825
1796 39.8415 222.728 364.973
1797 35.0635 220.068 358.974
1798 31.8665 219.5 351.955
1799 28.6852 218.632 344.639
1800 26.1504 219.844 337.164
1801 25.4513 220.784 328.961
1802 25.7263 223.598 321.666
1803 25.8687 227.194 314.31
1804 24.579 230.927 307.309
1805 24.627 235.249 300.575
1806 23.6822 238.63 293.225
1807 23.352 240.938 285.745
1808 23.5553 241.031 277.978
1809 24.6865 242.436 270.053
1810 25.5329 243.481 262.804
1811 28.2122 245.213 255.487
1812 32.8368 248.311 249.761
1813 38.5495 250.377 244.246
1814 44.3336 252.513 239.254
1815 50.9279 252.951 235.31
1816 58.3631 253.209 232.627
1817 66.007 253.404 230.117
1818 73.467 250.565 230.834
1819 80.8279 249.042 231.586
1820 87.7608 246.177 234.509
1821 93.5574 243.853 239.233
1822 100.077 243.618 242.944
1823 106.893 245.006 246.196
1824 112.823 248.88 249.463
1825 117.357 252.215 254.751
1826 122.723 252.512 260.365
1827 126.953 251.346 266.614
1828 130.113 247.734 272.515
1829 131.219 243.141 278.633
1830 135.338 238.127 282.997
1831 139.263 232.265 286.37
1832 141.828 226.321 289.85
1833 146.038 222.376 295.035
1834 149.54 216.449 298.572
1835 150.641 210.356 303.257
1836 152.22 204.617 308.255
1837 153.023 198.145 312.434
1838 154.862 193.134 317.396
1839 154.854 186.674 321.559
1840 153.827 179.885 325.064
1841 152.288 173.464 328.156
1842 150.813 167.142 332.288
1843 150.284 161.271 336.746
1844 149 156.509 342.218
1845 147.902 152.922 348.884
1846 146.762 150.289 355.817
1847 144.218 149.435 362.806
1848 139.252 150.201 368.235
1849 134.562 151.579 373.592
1850 129.131 154.355 377.989
1851 124.769 159.478 381.191
1852 119.198 164.427 382.954
1853 113.587 168.573 383.137
1854 107.612 172.445 383.724
1855 101.823 176.54 386.007
1856 96.4836 181.508 386.5
1857 90.8289 184.27 383.15
1858 87.2741 187.652 378.084
1859 82.8162 190.665 373.048
1860 81.2188 194.026 366.962
1861 81.4973 196.68 359.873
1862 80.2403 196.432 352.746
1863 81.1574 195.33 345.852
1864 80.7768 196.225 338.462
1865 81.7365 199.743 332.172
1866 83.7726 202.699 325.951
1867 84.8721 204.591 319.166
1868 86.252 203.779 312.206
1869 88.9354 204.6 305.849
1870 89.7192 202.409 299.141
1871 91.9795 198.174 294.052
1872 94.8654 193.231 290.033
1873 97.0471 186.511 288.93
1874 101.682 181.178 287.888
1875 106.85 177.225 286.183
1876 111.751 172.287 286.572
1877 117.903 169.3 288.726
1878 123.891 167.572 291.61
1879 129.307 168.554 295.977
1880 135.368 169.669 298.761
1881 141.665 169.423 302.237
1882 146.709 171.485 306.324
1883 151.669 175.46 309.111
1884 156.456 178.252 313.766
1885 160.238 180.726 319.036
1886 160.747 182.908 325.698
1887 162.353 183.372 332.005
1888 161.098 183.115 338.318
1889 157.607 181.798 344.242
1890 152.626 180.885 348.92
1891 147.386 178.951 353.223
1892 142.05 177.65 357.367
1893 135.65 176.447 360.21
1894 128.942 175.963 361.49
1895 122.285 174.601 361.747
1896 115.768 172.332 362.012
1897 109.555 169.357 361.478
1898 106.379 163.952 362.545
1899 105.129 157.634 361.497
1900 102.521 152.317 358.386
1901 101.962 147.07 354.184
1902 102.007 141.066 351.168
1903 102.816 135.181 348.608
1904 104.942 129.917 345.109
1905 110.201 126.334 342.872
1906 116.137 123.361 341.407
1907 122.263 120.689 342.298
1908 128.744 118.646 342.379
1909 135.314 118.998 342.257
1910 141.473 118.672 344.106
1911 146.439 118.58 348.405
1912 152.581 117.359 349.881
1913 157.221 117.205 354.557
1914 160.484 117.285 360.174
1915 163.103 117.374 366.399
1916 166.903 117.502 372.217
1917 170.42 119.534 377.276
1918 173.767 121.125 382.925
1919 177.081 119.65 388.2
1920 180.074 118.014 393.843
1921 182.45 116.087 399.687
1922 183.117 114.841 405.84
1923 184.133 115.897 411.967
1924 185.949 115.934 418.089
1925 187.991 118.375 423.559
1926 188.77 121.609 429.158
1927 187.157 122.984 435.21
1928 186.725 124.231 441.324
1929 184.598 126.266 447.04
1930 182.747 129.711 452.385
1931 181.267 135.13 454.853
1932 178.085 140.054 457.573
1933 174.89 145.551 459.029
1934 171.262 150.596 459.164
1935 167.123 154.421 457.384
1936 164.195 158.039 453.054
1937 162.024 160.258 447.875
1938 160.505 162.388 442.268
1939 159.627 163.487 436.098
1940 157.127 164.801 430.352
1941 154.018 165.545 424.924
1942 151.23 166.086 419.313
1943 149.853 164.841 413.561
1944 146.011 164.374 408.711
1945 141.982 162.668 404.462
1946 137.93 161.319 400.275
1947 136.437 157.157 395.656
1948 135.764 153.777 390.453
1949 135.565 150.333 385.196
1950 135.222 147.22 379.954
1951 133.576 143.442 375.318
1952 132.961 139.554 370.554
1953 132.415 135.125 366.364
1954 133.405 131.28 361.74
1955 134.639 128.556 356.529
1956 135.924 124.921 352.226
1957 136.674 121.718 347.499
1958 137.828 121.576 342.092
1959 140.909 119.241 337.663
1960 143.204 116.711 332.898
1961 145.902 114.563 328.397
1962 150.435 113.873 324.725
1963 154.755 112.569 320.784
1964 158.38 112.048 316.847
1965 163.707 111.512 314.757
1966 169.186 112.274 313.026
1967 173.835 114.335 310.178
1968 177.787 116.968 306.807
1969 182.67 119.022 304.283
1970 187.518 120.817 303.046
1971 191.911 124.784 303
1972 196.983 127.454 304.088
1973 202.176 129.189 306.156
1974 206.83 130.132 308.809
1975 212.148 128.197 310.486
1976 216.992 126.273 312.652
1977 220.565 125.409 316.617
1978 225.095 124.24 319.639
1979 229.781 122.127 322.326
1980 232.36 120.559 327.172
1981 233.182 118.319 332.368
1982 233.311 116.422 337.703
1983 233.892 115.543 343.603
1984 233.719 114.427 349.327
1985 233.478 112.148 354.197
1986 234.377 109.874 359.013
1987 235.38 108.959 364.365
1988 238.15 106.551 368.744
1989 241.215 103.853 373.052
1990 242.996 102.024 378.029
1991 243.414 99.3537 383.059
1992 243.509 97.5027 388.087
1993 243.028 97.3574 393.446
1994 241.767 98.4403 398.443
1995 239.038 98.8815 402.877
1996 235.994 99.2917 407.286
1997 232.869 99.0052 411.306
1998 230.293 96.661 415.161
1999 227.798 94.601 419.926
2000 223.926 94.7221 423.51
2001 220.467 95.0818 427.737
2002 217.145 96.3067 431.494
2003 213.023 95.8362 434.753
2004 209.809 94.4079 438.874
2005 206.032 94.8074 442.663
2006 201.635 95.0355 445.497
2007 197.022 94.1478 448.194
2008 192.741 92.6262 450.029
2009 187.64 92.3137 450.866
2010 182.917 94.1138 450.455
2011 178.48 95.4806 448.651
2012 174.12 97.1697 446.511
2013 169.813 98.7599 445.146
2014 165.351 99.5087 442.373
2015 161.483 100.853 439.346
2016 157.549 103.356 437.063
2017 153.352 105.037 435.224
2018 148.204 105.39 433.504
2019 143.132 106.38 432.202
2020 138.398 108.063 431.795
2021 133.685 108.344 431.212
2022 129.047 110.496 431.302
2023 125.096 112.641 429.314
2024 122.902 114.854 425.706
2025 119.58 116.574 422.218
2026 116.473 118.603 418.49
2027 113.953 120.732 414.371
2028 111.143 122.379 410.226
2029 109.586 124.635 406.504
2030 107.858 126.92 402.415
2031 107.305 130.321 399.434
2032 107.987 133.47 395.999
2033 110.287 135.951 392.327
2034 112.5 138.264 388.39
2035 114.45 140.832 384.381
2036 115.929 142.803 380.578
2037 115.872 144.666 375.822
2038 116.235 146.265 371.498
2039 117.279 147.611 367.115
2040 119.34 149.327 362.81
2041 121.23 150.045 358.994
2042 123.526 150.13 355.127
2043 126.355 150.024 350.856
2044 128.668 147.932 347.285
2045 131.971 145.415 344.491
2046 135.118 142.945 341.983
2047 137.134 139.253 339.854
2048 140.099 135.789 338.739
2049 143.548 132.987 337.31
2050 146.186 129.258 336.426
2051 149.453 125.909 336.943
2052 152.433 122.379 337.774
2053 155.621 119.512 339.381
2054 158.856 117.547 341.105
2055 162.228 116.52 344.182
2056 164.594 114.746 347.052
2057 166.981 113.748 350.714
2058 168.152 110.67 353.755
2059 169.538 109.269 357.822
2060 171.388 108.972 361.555
2061 173.589 108.116 365.522
2062 175.809 107.588 369.421
2063 176.974 106.828 373.519
2064 179.587 107.915 377.015
2065 181.82 109.928 380.154
2066 184.239 111.879 383.506
2067 186.834 114.543 386.021
2068 188.23 117.494 388.71
2069 190.212 120.186 391.195
2070 192.607 123.878 392.638
2071 195.588 126.944 393.971
2072 198.482 129.173 396.096
2073 201.055 131.976 398.001
2074 204.315 135.012 398.856
2075 207.329 138.374 398.889
2076 208.85 142.339 398.061
2077 208.618 146.277 397.058
2078 208.92 150.144 395.334
2079 209.498 153.634 393.574
2080 210.649 156.103 390.012
2081 211.788 158.554 387.236
2082 213.157 160.973 384.502
2083 215.201 164.237 382.533
2084 217.133 166.929 380.69
2085 219.858 168.587 378.193
2086 220.998 170.322 374.443
2087 221.721 171.431 370.982
2088 222.621 172.897 367.122
2089 223.052 174.987 363.713
2090 224.145 176.101 359.591
2091 225.233 177.128 355.639
2092 225.514 177.949 351.759
2093 226.235 178.711 347.881
2094 226.689 180.093 344.078
2095 227.163 181.757 340.201
2096 226.598 182.115 336.111
2097 226.003 181.664 332.66
2098 226.141 180.501 328.825
2099 226.194 178.235 325.298
2100 224.55 177.132 321.727
2101 221.795 175.683 319.275
2102 219.088 173.501 317.372
2103 217.674 170.653 315.984
2104 216.701 167.213 315.257
2105 215.627 163.195 315.541
2106 214.498 160.105 316.422
2107 214.214 156.399 317.332
2108 213.651 152.83 319.122
2109 213.49 149.426 320.91
2110 213.196 147.929 324.121
2111 211.57 147.089 327.406
2112 209.206 147.191 330.282
2113 206.328 148.033 332.866
2114 203.92 149.71 335.281
2115 202.336 151.801 337.571
2116 199.944 153.678 339.095
2117 196.988 155.759 340.153
2118 195.983 158.686 341.835
2119 194.35 161.695 342.391
2120 194.15 165.325 341.931
2121 195.524 168.754 342.116
2122 196.208 172.271 341.409
2123 197.324 175.2 340.777
2124 199.155 177.202 338.838
2125 201.857 178.247 336.965
2126 204.289 178.044 334.746
2127 207.057 177.287 332.431
2128 210.506 177.487 330.649
2129 213.367 177.39 328.775
2130 215.126 175.937 326.913
2131 217.481 175.146 324.387
2132 218.933 173.331 322.007
2133 221.343 171.546 320.033
2134 223.554 170.153 317.691
2135 223.917 167.856 315.318
2136 223.744 164.929 314.109
2137 223.288 161.585 313.227
2138 223.577 158.124 313.024
2139 222.404 154.862 313.552
2140 222.066 151.688 313.424
2141 220.134 148.726 314.182
2142 217.301 147.951 315.531
2143 215.736 147.331 318.002
2144 214.136 145.762 320.167
2145 214.144 144.423 323.033
2146 213.94 143.314 326.253
2147 213.542 142.793 329.531
2148 214.203 141.868 332.401
2149 215.049 141.22 335.089
2150 216.816 140.637 337.392
2151 219.323 139.481 338.723
2152 221.705 139.247 340.609
2153 223.576 139.756 343.023
2154 225.75 140.781 345.536
2155 227.883 142.119 347.337
2156 228.951 144.903 348.114
2157 229.908 147.923 348.94
2158 231.274 150.193 349.903
2159 232.374 153.136 350.028
2160 233.592 156.094 349.196
2161 234.508 159.082 347.922
2162 235.101 160.96 346.003
2163 235.298 162.828 343.471
2164 236.227 164.452 341.078
2165 235.817 166.59 339
2166 235.39 168.046 336.386
2167 235.219 169.289 334.094
2168 235.008 169.73 330.959
2169 234.489 169.66 328.558
2170 233.253 169.158 325.374
2171 232.213 169.1 322.98
2172 230.854 168.459 320.774
2173 229.253 167.17 319.095
2174 227.125 165.561 318.005
2175 224.914 164.031 318.194
2176 222.871 162.478 318.216
2177 221.921 160.175 317.196
2178 221.962 157.392 316.672
2179 221.503 154.627 317.236
2180 220.781 152.041 318.136
2181 220.079 149.68 318.442
2182 220.537 147.089 319.132
2183 221.225 144.408 320.342
2184 222.213 142.329 321.497
2185 223.311 140.222 322.834
2186 223.96 137.977 324.314
2187 225.314 135.802 325.939
2188 227.223 135.28 327.116
2189 228.863 135.152 328.992
2190 231.05 135.247 330.298
2191 232.787 135.085 332.107
2192 233.927 134.592 334.025
2193 235.663 135.178 336.069
2194 237.637 134.635 337.511
2195 239.131 134.512 339.207
2196 240.952 135.464 340.743
2197 242.918 136.302 341.982
2198 244.782 136.865 343.028
2199 246.312 137.961 344.226
